#wRandFlip 
#The training is running for 1000 chunks, each with 1008 images. That are about 17 epochs. The validation sample contains 3078 images. 
#round  ,time, mean_train_loss , mean_valid_loss, mean_sliced_accuracy, mean_train_loss_test, mean_accuracy 
#  starting learning rate to 0.010000 
 1 , 91.7886447906 , 0.351403 , 0.0 , 0.0, 0.0, 0.0 
 2 , 187.063775778 , 0.26978 , 0.0 , 0.0, 0.0, 0.0 
 3 , 219.9807899 , 0.267492 , 0.0 , 0.0, 0.0, 0.0 
 4 , 251.891930819 , 0.265376 , 0.0 , 0.0, 0.0, 0.0 
#Free GPU Mem after validation step 265.3125 MiB 
 5 , 353.461086988 , 0.265306 , 0.0 , 0.0, 0.0, 0.0 
 6 , 387.280497789 , 0.266638 , 0.0 , 0.0, 0.0, 0.0 
 7 , 421.183000803 , 0.262014 , 0.301923, 0.269891, 0.258294, 0.0  
 8 , 452.050991774 , 0.26209 , 0.301923, 0.269891, 0.258294, 0.0  
 9 , 482.702517986 , 0.262279 , 0.301923, 0.269891, 0.258294, 0.0  
 10 , 557.289657831 , 0.265424 , 0.257134, 0.269891, 0.257083, 0.0  
 11 , 587.03003788 , 0.266654 , 0.257134, 0.269891, 0.257083, 0.0  
 12 , 628.095140934 , 0.261978 , 0.257134, 0.269891, 0.257083, 0.0  
 13 , 659.04082799 , 0.264069 , 0.257134, 0.269891, 0.257083, 0.0  
 14 , 688.832211971 , 0.26518 , 0.257134, 0.269891, 0.257083, 0.0  
 15 , 764.208757877 , 0.260539 , 0.257027, 0.272341, 0.254336, 0.0  
 16 , 792.346208811 , 0.265494 , 0.257027, 0.272341, 0.254336, 0.0  
 17 , 821.233571768 , 0.261903 , 0.257027, 0.272341, 0.254336, 0.0  
 18 , 849.279243946 , 0.264735 , 0.257027, 0.272341, 0.254336, 0.0  
 19 , 878.102953911 , 0.261985 , 0.257027, 0.272341, 0.254336, 0.0  
 20 , 948.403856993 , 0.263957 , 0.256891, 0.269891, 0.257349, 0.0  
 21 , 977.197886944 , 0.262972 , 0.256891, 0.269891, 0.257349, 0.0  
 22 , 1005.14795184 , 0.261717 , 0.256891, 0.269891, 0.257349, 0.0  
 23 , 1042.43489695 , 0.266617 , 0.256891, 0.269891, 0.257349, 0.0  
 24 , 1070.51626897 , 0.259377 , 0.256891, 0.269891, 0.257349, 0.0  
 25 , 1140.65689683 , 0.261702 , 0.257042, 0.269891, 0.254797, 0.0  
 26 , 1168.75100899 , 0.259509 , 0.257042, 0.269891, 0.254797, 0.0  
 27 , 1197.66050577 , 0.263306 , 0.257042, 0.269891, 0.254797, 0.0  
 28 , 1225.5726068 , 0.263934 , 0.257042, 0.269891, 0.254797, 0.0  
 29 , 1254.71294689 , 0.264169 , 0.257042, 0.269891, 0.254797, 0.0  
 30 , 1322.76439285 , 0.260593 , 0.256828, 0.269891, 0.253076, 0.0  
 31 , 1351.45601177 , 0.26207 , 0.256828, 0.269891, 0.253076, 0.0  
 32 , 1379.29953885 , 0.266869 , 0.256828, 0.269891, 0.253076, 0.0  
 33 , 1408.45460391 , 0.260699 , 0.256828, 0.269891, 0.253076, 0.0  
 34 , 1436.41037178 , 0.264411 , 0.256828, 0.269891, 0.253076, 0.0  
 35 , 1505.01670694 , 0.263389 , 0.25695, 0.272341, 0.256225, 0.0  
 36 , 1533.03771687 , 0.263255 , 0.25695, 0.272341, 0.256225, 0.0  
 37 , 1562.12640285 , 0.262556 , 0.25695, 0.272341, 0.256225, 0.0  
 38 , 1590.07282281 , 0.263234 , 0.25695, 0.272341, 0.256225, 0.0  
 39 , 1619.22386479 , 0.264292 , 0.25695, 0.272341, 0.256225, 0.0  
 40 , 1687.26693988 , 0.263856 , 0.25689, 0.269891, 0.255581, 0.0  
 41 , 1716.2326839 , 0.266964 , 0.25689, 0.269891, 0.255581, 0.0  
 42 , 1744.12596488 , 0.264949 , 0.25689, 0.269891, 0.255581, 0.0  
 43 , 1773.36281085 , 0.266009 , 0.25689, 0.269891, 0.255581, 0.0  
 44 , 1801.3458488 , 0.261937 , 0.25689, 0.269891, 0.255581, 0.0  
 45 , 1869.96531796 , 0.266478 , 0.257572, 0.269891, 0.25825, 0.0  
 46 , 1897.9912858 , 0.26551 , 0.257572, 0.269891, 0.25825, 0.0  
 47 , 1927.05887699 , 0.261629 , 0.257572, 0.269891, 0.25825, 0.0  
 48 , 1955.07592678 , 0.263924 , 0.257572, 0.269891, 0.25825, 0.0  
 49 , 1984.17005491 , 0.260964 , 0.257572, 0.269891, 0.25825, 0.0  
 50 , 2052.06654787 , 0.263299 , 0.256879, 0.269891, 0.258917, 0.0  
 51 , 2080.91482496 , 0.262476 , 0.256879, 0.269891, 0.258917, 0.0  
 52 , 2108.73953795 , 0.26476 , 0.256879, 0.269891, 0.258917, 0.0  
 53 , 2137.84707999 , 0.266645 , 0.256879, 0.269891, 0.258917, 0.0  
 54 , 2165.86528683 , 0.260656 , 0.256879, 0.269891, 0.258917, 0.0  
 55 , 2234.63264084 , 0.265168 , 0.256934, 0.269891, 0.256033, 0.0  
 56 , 2262.67129683 , 0.261195 , 0.256934, 0.269891, 0.256033, 0.0  
 57 , 2291.7826159 , 0.261212 , 0.256934, 0.269891, 0.256033, 0.0  
 58 , 2319.87768984 , 0.262138 , 0.256934, 0.269891, 0.256033, 0.0  
 59 , 2348.9961369 , 0.265053 , 0.256934, 0.269891, 0.256033, 0.0  
 60 , 2416.9450829 , 0.260815 , 0.257012, 0.272341, 0.254484, 0.0  
 61 , 2445.87849188 , 0.26041 , 0.257012, 0.272341, 0.254484, 0.0  
 62 , 2473.95344687 , 0.264161 , 0.257012, 0.272341, 0.254484, 0.0  
 63 , 2503.14526796 , 0.263109 , 0.257012, 0.272341, 0.254484, 0.0  
 64 , 2531.28346682 , 0.263502 , 0.257012, 0.272341, 0.254484, 0.0  
 65 , 2600.04460096 , 0.262062 , 0.256765, 0.269828, 0.255549, 0.0  
 66 , 2628.12562084 , 0.260573 , 0.256765, 0.269828, 0.255549, 0.0  
 67 , 2657.17868996 , 0.261166 , 0.256765, 0.269828, 0.255549, 0.0  
 68 , 2685.27979779 , 0.264661 , 0.256765, 0.269828, 0.255549, 0.0  
 69 , 2714.38894892 , 0.264932 , 0.256765, 0.269828, 0.255549, 0.0  
 70 , 2782.34452581 , 0.266643 , 0.254727, 0.270657, 0.255144, 0.0  
 71 , 2811.43520594 , 0.26266 , 0.254727, 0.270657, 0.255144, 0.0  
 72 , 2839.53710079 , 0.264102 , 0.254727, 0.270657, 0.255144, 0.0  
 73 , 2868.90189195 , 0.264726 , 0.254727, 0.270657, 0.255144, 0.0  
 74 , 2896.87656283 , 0.262084 , 0.254727, 0.270657, 0.255144, 0.0  
 75 , 2965.53080988 , 0.265973 , 0.255576, 0.271216, 0.255702, 0.0  
 76 , 2993.38858581 , 0.265002 , 0.255576, 0.271216, 0.255702, 0.0  
 77 , 3022.32581282 , 0.26257 , 0.255576, 0.271216, 0.255702, 0.0  
 78 , 3050.25887799 , 0.263485 , 0.255576, 0.271216, 0.255702, 0.0  
 79 , 3079.242908 , 0.266243 , 0.255576, 0.271216, 0.255702, 0.0  
 80 , 3147.61232185 , 0.26704 , 0.252897, 0.271578, 0.254858, 0.0  
 81 , 3176.53676391 , 0.261006 , 0.252897, 0.271578, 0.254858, 0.0  
 82 , 3204.60151577 , 0.263497 , 0.252897, 0.271578, 0.254858, 0.0  
 83 , 3233.69030285 , 0.261846 , 0.252897, 0.271578, 0.254858, 0.0  
 84 , 3261.56075191 , 0.259471 , 0.252897, 0.271578, 0.254858, 0.0  
 85 , 3330.37491989 , 0.2604 , 0.252638, 0.27241, 0.250674, 0.0  
 86 , 3358.44117093 , 0.266256 , 0.252638, 0.27241, 0.250674, 0.0  
 87 , 3387.58706093 , 0.261056 , 0.252638, 0.27241, 0.250674, 0.0  
 88 , 3415.65499997 , 0.264607 , 0.252638, 0.27241, 0.250674, 0.0  
 89 , 3444.59601378 , 0.259648 , 0.252638, 0.27241, 0.250674, 0.0  
 90 , 3512.69731283 , 0.26462 , 0.25238, 0.271783, 0.251027, 0.0  
 91 , 3541.88711095 , 0.262899 , 0.25238, 0.271783, 0.251027, 0.0  
 92 , 3569.85032082 , 0.26206 , 0.25238, 0.271783, 0.251027, 0.0  
 93 , 3598.89973378 , 0.260732 , 0.25238, 0.271783, 0.251027, 0.0  
 94 , 3626.95776892 , 0.263154 , 0.25238, 0.271783, 0.251027, 0.0  
 95 , 3695.81162977 , 0.258405 , 0.253072, 0.270936, 0.251325, 0.0  
 96 , 3723.66922593 , 0.260758 , 0.253072, 0.270936, 0.251325, 0.0  
 97 , 3752.94901085 , 0.261374 , 0.253072, 0.270936, 0.251325, 0.0  
 98 , 3781.09082294 , 0.262451 , 0.253072, 0.270936, 0.251325, 0.0  
 99 , 3810.13527083 , 0.261407 , 0.253072, 0.270936, 0.251325, 0.0  
 100 , 3878.40402198 , 0.264028 , 0.252559, 0.271858, 0.251497, 0.0  
 101 , 3907.39903593 , 0.267853 , 0.252559, 0.271858, 0.251497, 0.0  
 102 , 3935.37919378 , 0.26284 , 0.252559, 0.271858, 0.251497, 0.0  
 103 , 3964.443784 , 0.263307 , 0.252559, 0.271858, 0.251497, 0.0  
 104 , 3992.54540682 , 0.261846 , 0.252559, 0.271858, 0.251497, 0.0  
 105 , 4061.54134798 , 0.264674 , 0.252851, 0.272585, 0.250669, 0.0078125  
 106 , 4089.54047298 , 0.263417 , 0.252851, 0.272585, 0.250669, 0.0078125  
 107 , 4118.71715879 , 0.263382 , 0.252851, 0.272585, 0.250669, 0.0078125  
 108 , 4146.79173493 , 0.263373 , 0.252851, 0.272585, 0.250669, 0.0078125  
 109 , 4175.86723781 , 0.264186 , 0.252851, 0.272585, 0.250669, 0.0078125  
 110 , 4245.20638585 , 0.261181 , 0.252426, 0.272742, 0.249097, 0.0  
 111 , 4276.58605099 , 0.264889 , 0.252426, 0.272742, 0.249097, 0.0  
 112 , 4304.59502196 , 0.263642 , 0.252426, 0.272742, 0.249097, 0.0  
 113 , 4333.8683219 , 0.260885 , 0.252426, 0.272742, 0.249097, 0.0  
 114 , 4361.92828989 , 0.264101 , 0.252426, 0.272742, 0.249097, 0.0  
 115 , 4430.72979188 , 0.261835 , 0.254206, 0.273463, 0.251247, 0.0413411  
 116 , 4458.772753 , 0.258175 , 0.254206, 0.273463, 0.251247, 0.0413411  
 117 , 4487.94102788 , 0.25751 , 0.254206, 0.273463, 0.251247, 0.0413411  
 118 , 4515.89079595 , 0.260843 , 0.254206, 0.273463, 0.251247, 0.0413411  
 119 , 4544.93575096 , 0.265685 , 0.254206, 0.273463, 0.251247, 0.0413411  
 120 , 4613.25662589 , 0.263743 , 0.256728, 0.272867, 0.252033, 0.0924479  
 121 , 4642.36972785 , 0.264971 , 0.256728, 0.272867, 0.252033, 0.0924479  
 122 , 4670.56803393 , 0.259396 , 0.256728, 0.272867, 0.252033, 0.0924479  
 123 , 4699.63027287 , 0.262365 , 0.256728, 0.272867, 0.252033, 0.0924479  
 124 , 4727.74112988 , 0.264243 , 0.256728, 0.272867, 0.252033, 0.0924479  
 125 , 4796.97469497 , 0.258888 , 0.252317, 0.273287, 0.248097, 0.0537109  
 126 , 4825.01876283 , 0.263115 , 0.252317, 0.273287, 0.248097, 0.0537109  
 127 , 4854.11145282 , 0.262634 , 0.252317, 0.273287, 0.248097, 0.0537109  
 128 , 4882.255023 , 0.264531 , 0.252317, 0.273287, 0.248097, 0.0537109  
 129 , 4911.5000689 , 0.259737 , 0.252317, 0.273287, 0.248097, 0.0537109  
 130 , 4979.83819079 , 0.264971 , 0.253523, 0.27356, 0.252982, 0.0732422  
 131 , 5008.86056495 , 0.260662 , 0.253523, 0.27356, 0.252982, 0.0732422  
 132 , 5041.56755686 , 0.266114 , 0.253523, 0.27356, 0.252982, 0.0732422  
 133 , 5070.687886 , 0.262124 , 0.253523, 0.27356, 0.252982, 0.0732422  
 134 , 5098.646173 , 0.260962 , 0.253523, 0.27356, 0.252982, 0.0732422  
 135 , 5167.40654993 , 0.262762 , 0.252054, 0.272965, 0.249642, 0.0458984  
 136 , 5195.3524518 , 0.258207 , 0.252054, 0.272965, 0.249642, 0.0458984  
 137 , 5224.56071591 , 0.264828 , 0.252054, 0.272965, 0.249642, 0.0458984  
 138 , 5252.57472396 , 0.260255 , 0.252054, 0.272965, 0.249642, 0.0458984  
 139 , 5281.62869978 , 0.264311 , 0.252054, 0.272965, 0.249642, 0.0458984  
 140 , 5349.89518094 , 0.257801 , 0.250802, 0.274273, 0.250658, 0.0520833  
 141 , 5378.89604282 , 0.2631 , 0.250802, 0.274273, 0.250658, 0.0520833  
 142 , 5406.77060199 , 0.259929 , 0.250802, 0.274273, 0.250658, 0.0520833  
 143 , 5435.97625399 , 0.261753 , 0.250802, 0.274273, 0.250658, 0.0520833  
 144 , 5464.00005484 , 0.263229 , 0.250802, 0.274273, 0.250658, 0.0520833  
 145 , 5532.69576192 , 0.265746 , 0.251538, 0.27474, 0.25346, 0.104167  
 146 , 5560.74722695 , 0.26266 , 0.251538, 0.27474, 0.25346, 0.104167  
 147 , 5589.74925184 , 0.261062 , 0.251538, 0.27474, 0.25346, 0.104167  
 148 , 5617.83852983 , 0.260869 , 0.251538, 0.27474, 0.25346, 0.104167  
 149 , 5647.03227997 , 0.262628 , 0.251538, 0.27474, 0.25346, 0.104167  
 150 , 5715.18789387 , 0.264264 , 0.253585, 0.274423, 0.249062, 0.106445  
 151 , 5744.24188781 , 0.262776 , 0.253585, 0.274423, 0.249062, 0.106445  
 152 , 5772.27400684 , 0.260369 , 0.253585, 0.274423, 0.249062, 0.106445  
 153 , 5801.38761592 , 0.260634 , 0.253585, 0.274423, 0.249062, 0.106445  
 154 , 5829.40397 , 0.265117 , 0.253585, 0.274423, 0.249062, 0.106445  
 155 , 5898.23386884 , 0.265875 , 0.251018, 0.275002, 0.252188, 0.0634766  
 156 , 5926.32219481 , 0.262133 , 0.251018, 0.275002, 0.252188, 0.0634766  
 157 , 5955.52065897 , 0.262429 , 0.251018, 0.275002, 0.252188, 0.0634766  
 158 , 5983.70700598 , 0.264362 , 0.251018, 0.275002, 0.252188, 0.0634766  
 159 , 6012.83870482 , 0.263298 , 0.251018, 0.275002, 0.252188, 0.0634766  
 160 , 6080.92719197 , 0.265558 , 0.254818, 0.274832, 0.252361, 0.148763  
 161 , 6110.12543797 , 0.264192 , 0.254818, 0.274832, 0.252361, 0.148763  
 162 , 6138.1527648 , 0.25979 , 0.254818, 0.274832, 0.252361, 0.148763  
 163 , 6167.26220584 , 0.261241 , 0.254818, 0.274832, 0.252361, 0.148763  
 164 , 6195.36640191 , 0.260651 , 0.254818, 0.274832, 0.252361, 0.148763  
 165 , 6264.233042 , 0.264796 , 0.251573, 0.274288, 0.252521, 0.0843099  
 166 , 6292.33327079 , 0.259154 , 0.251573, 0.274288, 0.252521, 0.0843099  
 167 , 6321.61270881 , 0.263888 , 0.251573, 0.274288, 0.252521, 0.0843099  
 168 , 6349.75344586 , 0.263345 , 0.251573, 0.274288, 0.252521, 0.0843099  
 169 , 6378.92100692 , 0.261311 , 0.251573, 0.274288, 0.252521, 0.0843099  
 170 , 6448.12508798 , 0.263702 , 0.252007, 0.27518, 0.252642, 0.107096  
 171 , 6477.38585877 , 0.264218 , 0.252007, 0.27518, 0.252642, 0.107096  
 172 , 6505.31008196 , 0.261555 , 0.252007, 0.27518, 0.252642, 0.107096  
 173 , 6534.41154099 , 0.260341 , 0.252007, 0.27518, 0.252642, 0.107096  
 174 , 6562.54028583 , 0.260821 , 0.252007, 0.27518, 0.252642, 0.107096  
 175 , 6631.45330882 , 0.258902 , 0.252326, 0.275049, 0.251217, 0.0732422  
 176 , 6659.4472928 , 0.259776 , 0.252326, 0.275049, 0.251217, 0.0732422  
 177 , 6688.43188787 , 0.259728 , 0.252326, 0.275049, 0.251217, 0.0732422  
 178 , 6716.45802879 , 0.262007 , 0.252326, 0.275049, 0.251217, 0.0732422  
 179 , 6745.57028794 , 0.265025 , 0.252326, 0.275049, 0.251217, 0.0732422  
 180 , 6813.65976286 , 0.26056 , 0.254589, 0.274901, 0.251887, 0.142578  
 181 , 6842.66129088 , 0.260247 , 0.254589, 0.274901, 0.251887, 0.142578  
 182 , 6870.60490799 , 0.264641 , 0.254589, 0.274901, 0.251887, 0.142578  
 183 , 6899.68119097 , 0.259229 , 0.254589, 0.274901, 0.251887, 0.142578  
 184 , 6927.82560778 , 0.262055 , 0.254589, 0.274901, 0.251887, 0.142578  
 185 , 6996.8100698 , 0.260877 , 0.250572, 0.274529, 0.252104, 0.0638021  
 186 , 7024.89769578 , 0.263351 , 0.250572, 0.274529, 0.252104, 0.0638021  
 187 , 7054.0602479 , 0.259382 , 0.250572, 0.274529, 0.252104, 0.0638021  
 188 , 7082.30490899 , 0.26188 , 0.250572, 0.274529, 0.252104, 0.0638021  
 189 , 7111.48942494 , 0.261877 , 0.250572, 0.274529, 0.252104, 0.0638021  
 190 , 7179.60474396 , 0.266248 , 0.251817, 0.274619, 0.252845, 0.0963542  
 191 , 7208.72464395 , 0.260387 , 0.251817, 0.274619, 0.252845, 0.0963542  
 192 , 7236.89549899 , 0.265513 , 0.251817, 0.274619, 0.252845, 0.0963542  
 193 , 7266.11648679 , 0.261122 , 0.251817, 0.274619, 0.252845, 0.0963542  
 194 , 7294.16566682 , 0.262336 , 0.251817, 0.274619, 0.252845, 0.0963542  
 195 , 7363.15306783 , 0.260517 , 0.252975, 0.274563, 0.249881, 0.124023  
 196 , 7391.31339884 , 0.262261 , 0.252975, 0.274563, 0.249881, 0.124023  
 197 , 7420.53490591 , 0.262556 , 0.252975, 0.274563, 0.249881, 0.124023  
 198 , 7448.73164892 , 0.263786 , 0.252975, 0.274563, 0.249881, 0.124023  
 199 , 7477.66861987 , 0.261303 , 0.252975, 0.274563, 0.249881, 0.124023  
 200 , 7545.83660483 , 0.262574 , 0.251496, 0.274824, 0.251212, 0.0777995  
#  setting learning rate to 0.010000 
 201 , 7578.13183498 , 0.261678 , 0.251496, 0.274824, 0.251212, 0.0777995  
 202 , 7606.11761284 , 0.263472 , 0.251496, 0.274824, 0.251212, 0.0777995  
 203 , 7635.81079793 , 0.264049 , 0.251496, 0.274824, 0.251212, 0.0777995  
 204 , 7663.67076087 , 0.260194 , 0.251496, 0.274824, 0.251212, 0.0777995  
 205 , 7732.66417384 , 0.26519 , 0.258729, 0.272847, 0.253109, 0.133464  
 206 , 7760.5025959 , 0.261445 , 0.258729, 0.272847, 0.253109, 0.133464  
 207 , 7789.558496 , 0.261441 , 0.258729, 0.272847, 0.253109, 0.133464  
 208 , 7817.6790669 , 0.261576 , 0.258729, 0.272847, 0.253109, 0.133464  
 209 , 7846.37252593 , 0.258773 , 0.258729, 0.272847, 0.253109, 0.133464  
 210 , 7914.3378458 , 0.259814 , 0.25663, 0.272787, 0.252256, 0.0423177  
 211 , 7943.76008081 , 0.262177 , 0.25663, 0.272787, 0.252256, 0.0423177  
 212 , 7971.8818028 , 0.262661 , 0.25663, 0.272787, 0.252256, 0.0423177  
 213 , 7999.97328591 , 0.260112 , 0.25663, 0.272787, 0.252256, 0.0423177  
 214 , 8028.29256177 , 0.263029 , 0.25663, 0.272787, 0.252256, 0.0423177  
 215 , 8097.93701696 , 0.260275 , 0.253054, 0.273558, 0.251212, 0.0813802  
 216 , 8127.07732177 , 0.265349 , 0.253054, 0.273558, 0.251212, 0.0813802  
 217 , 8155.28998494 , 0.265055 , 0.253054, 0.273558, 0.251212, 0.0813802  
 218 , 8183.55575085 , 0.263195 , 0.253054, 0.273558, 0.251212, 0.0813802  
 219 , 8212.92652488 , 0.261153 , 0.253054, 0.273558, 0.251212, 0.0813802  
 220 , 8281.8454659 , 0.261452 , 0.25195, 0.27435, 0.250242, 0.0439453  
 221 , 8311.19923496 , 0.265747 , 0.25195, 0.27435, 0.250242, 0.0439453  
 222 , 8339.13004589 , 0.266766 , 0.25195, 0.27435, 0.250242, 0.0439453  
 223 , 8373.44836593 , 0.263484 , 0.25195, 0.27435, 0.250242, 0.0439453  
 224 , 8401.5819819 , 0.258669 , 0.25195, 0.27435, 0.250242, 0.0439453  
 225 , 8470.35197282 , 0.261981 , 0.253753, 0.273837, 0.251768, 0.0494792  
 226 , 8498.43081784 , 0.267454 , 0.253753, 0.273837, 0.251768, 0.0494792  
 227 , 8526.4834609 , 0.260318 , 0.253753, 0.273837, 0.251768, 0.0494792  
 228 , 8555.48118091 , 0.262436 , 0.253753, 0.273837, 0.251768, 0.0494792  
 229 , 8583.43064284 , 0.265656 , 0.253753, 0.273837, 0.251768, 0.0494792  
 230 , 8652.3414638 , 0.263233 , 0.253351, 0.274494, 0.252522, 0.111003  
 231 , 8680.34528399 , 0.263571 , 0.253351, 0.274494, 0.252522, 0.111003  
 232 , 8709.50447679 , 0.2641 , 0.253351, 0.274494, 0.252522, 0.111003  
 233 , 8737.66227484 , 0.262089 , 0.253351, 0.274494, 0.252522, 0.111003  
 234 , 8765.72274995 , 0.26087 , 0.253351, 0.274494, 0.252522, 0.111003  
 235 , 8834.76538491 , 0.260796 , 0.251621, 0.274454, 0.249034, 0.0813802  
 236 , 8862.80260777 , 0.262797 , 0.251621, 0.274454, 0.249034, 0.0813802  
 237 , 8891.96999788 , 0.2617 , 0.251621, 0.274454, 0.249034, 0.0813802  
 238 , 8920.01300883 , 0.258271 , 0.251621, 0.274454, 0.249034, 0.0813802  
 239 , 8948.05677485 , 0.261474 , 0.251621, 0.274454, 0.249034, 0.0813802  
 240 , 9017.36885595 , 0.264435 , 0.258795, 0.272747, 0.253022, 0.158854  
 241 , 9045.40444493 , 0.26099 , 0.258795, 0.272747, 0.253022, 0.158854  
 242 , 9074.52689695 , 0.257029 , 0.258795, 0.272747, 0.253022, 0.158854  
 243 , 9102.55133986 , 0.262388 , 0.258795, 0.272747, 0.253022, 0.158854  
 244 , 9130.64126587 , 0.262276 , 0.258795, 0.272747, 0.253022, 0.158854  
 245 , 9200.28635979 , 0.261708 , 0.253268, 0.275305, 0.248293, 0.121419  
 246 , 9228.51675892 , 0.262162 , 0.253268, 0.275305, 0.248293, 0.121419  
 247 , 9257.73174095 , 0.262632 , 0.253268, 0.275305, 0.248293, 0.121419  
 248 , 9285.89543581 , 0.261709 , 0.253268, 0.275305, 0.248293, 0.121419  
 249 , 9314.10386682 , 0.261497 , 0.253268, 0.275305, 0.248293, 0.121419  
 250 , 9383.77400899 , 0.261585 , 0.252841, 0.274672, 0.250967, 0.0690104  
 251 , 9411.92746878 , 0.258969 , 0.252841, 0.274672, 0.250967, 0.0690104  
 252 , 9441.29206395 , 0.262161 , 0.252841, 0.274672, 0.250967, 0.0690104  
 253 , 9469.44344783 , 0.261346 , 0.252841, 0.274672, 0.250967, 0.0690104  
 254 , 9497.49577594 , 0.262446 , 0.252841, 0.274672, 0.250967, 0.0690104  
 255 , 9567.03934979 , 0.264925 , 0.251267, 0.275725, 0.25113, 0.0696615  
 256 , 9595.28116393 , 0.259279 , 0.251267, 0.275725, 0.25113, 0.0696615  
 257 , 9624.76900578 , 0.263019 , 0.251267, 0.275725, 0.25113, 0.0696615  
 258 , 9652.95164084 , 0.264355 , 0.251267, 0.275725, 0.25113, 0.0696615  
 259 , 9686.15260983 , 0.258933 , 0.251267, 0.275725, 0.25113, 0.0696615  
 260 , 9755.3885138 , 0.26173 , 0.251226, 0.275119, 0.252036, 0.0810547  
 261 , 9783.43688178 , 0.266775 , 0.251226, 0.275119, 0.252036, 0.0810547  
 262 , 9812.53953195 , 0.263086 , 0.251226, 0.275119, 0.252036, 0.0810547  
 263 , 9840.74974489 , 0.260963 , 0.251226, 0.275119, 0.252036, 0.0810547  
 264 , 9868.80337191 , 0.261679 , 0.251226, 0.275119, 0.252036, 0.0810547  
 265 , 9938.39064598 , 0.261895 , 0.253558, 0.275183, 0.251827, 0.139974  
 266 , 9966.59094787 , 0.262111 , 0.253558, 0.275183, 0.251827, 0.139974  
 267 , 9995.82352185 , 0.26607 , 0.253558, 0.275183, 0.251827, 0.139974  
 268 , 10024.0169518 , 0.261194 , 0.253558, 0.275183, 0.251827, 0.139974  
 269 , 10052.1489158 , 0.262542 , 0.253558, 0.275183, 0.251827, 0.139974  
 270 , 10121.688314 , 0.260096 , 0.251724, 0.275224, 0.249741, 0.0823568  
 271 , 10149.5849128 , 0.265762 , 0.251724, 0.275224, 0.249741, 0.0823568  
 272 , 10178.4269178 , 0.259616 , 0.251724, 0.275224, 0.249741, 0.0823568  
 273 , 10206.4053788 , 0.259009 , 0.251724, 0.275224, 0.249741, 0.0823568  
 274 , 10234.3382719 , 0.262721 , 0.251724, 0.275224, 0.249741, 0.0823568  
 275 , 10303.7173028 , 0.263087 , 0.250483, 0.275261, 0.248971, 0.0426432  
 276 , 10331.7762139 , 0.261489 , 0.250483, 0.275261, 0.248971, 0.0426432  
 277 , 10360.9070189 , 0.260511 , 0.250483, 0.275261, 0.248971, 0.0426432  
 278 , 10389.0582709 , 0.262681 , 0.250483, 0.275261, 0.248971, 0.0426432  
 279 , 10417.1838188 , 0.262293 , 0.250483, 0.275261, 0.248971, 0.0426432  
 280 , 10486.4425249 , 0.264125 , 0.250855, 0.274716, 0.252484, 0.0569661  
 281 , 10514.439657 , 0.262586 , 0.250855, 0.274716, 0.252484, 0.0569661  
 282 , 10543.5326788 , 0.262518 , 0.250855, 0.274716, 0.252484, 0.0569661  
 283 , 10571.582639 , 0.2602 , 0.250855, 0.274716, 0.252484, 0.0569661  
 284 , 10599.5378048 , 0.261817 , 0.250855, 0.274716, 0.252484, 0.0569661  
 285 , 10669.0127218 , 0.2635 , 0.252315, 0.275413, 0.252755, 0.113932  
 286 , 10697.0890038 , 0.261215 , 0.252315, 0.275413, 0.252755, 0.113932  
 287 , 10726.3122649 , 0.262398 , 0.252315, 0.275413, 0.252755, 0.113932  
 288 , 10754.434536 , 0.25693 , 0.252315, 0.275413, 0.252755, 0.113932  
 289 , 10782.4947448 , 0.263967 , 0.252315, 0.275413, 0.252755, 0.113932  
 290 , 10851.8889878 , 0.26388 , 0.25218, 0.274871, 0.250652, 0.10612  
 291 , 10880.1207428 , 0.262327 , 0.25218, 0.274871, 0.250652, 0.10612  
 292 , 10909.1255698 , 0.259084 , 0.25218, 0.274871, 0.250652, 0.10612  
 293 , 10937.237525 , 0.259739 , 0.25218, 0.274871, 0.250652, 0.10612  
 294 , 10965.2098358 , 0.261745 , 0.25218, 0.274871, 0.250652, 0.10612  
 295 , 11034.6176958 , 0.263028 , 0.253483, 0.274633, 0.251236, 0.0869141  
 296 , 11062.6702168 , 0.260561 , 0.253483, 0.274633, 0.251236, 0.0869141  
 297 , 11091.7996519 , 0.26493 , 0.253483, 0.274633, 0.251236, 0.0869141  
 298 , 11119.9863989 , 0.264884 , 0.253483, 0.274633, 0.251236, 0.0869141  
 299 , 11148.0711298 , 0.262603 , 0.253483, 0.274633, 0.251236, 0.0869141  
 300 , 11217.624563 , 0.266701 , 0.252335, 0.275346, 0.253391, 0.125326  
 301 , 11245.7758348 , 0.263166 , 0.252335, 0.275346, 0.253391, 0.125326  
 302 , 11275.0423579 , 0.260696 , 0.252335, 0.275346, 0.253391, 0.125326  
 303 , 11303.2499659 , 0.262348 , 0.252335, 0.275346, 0.253391, 0.125326  
 304 , 11331.326422 , 0.259326 , 0.252335, 0.275346, 0.253391, 0.125326  
 305 , 11400.77245 , 0.26403 , 0.25145, 0.274436, 0.253944, 0.0794271  
 306 , 11428.885206 , 0.261566 , 0.25145, 0.274436, 0.253944, 0.0794271  
 307 , 11458.140502 , 0.261102 , 0.25145, 0.274436, 0.253944, 0.0794271  
 308 , 11486.3550558 , 0.265166 , 0.25145, 0.274436, 0.253944, 0.0794271  
 309 , 11514.3722358 , 0.259296 , 0.25145, 0.274436, 0.253944, 0.0794271  
 310 , 11583.7512279 , 0.266977 , 0.25209, 0.275487, 0.252002, 0.116211  
 311 , 11611.8617969 , 0.266218 , 0.25209, 0.275487, 0.252002, 0.116211  
 312 , 11641.133286 , 0.260174 , 0.25209, 0.275487, 0.252002, 0.116211  
 313 , 11669.4325249 , 0.263362 , 0.25209, 0.275487, 0.252002, 0.116211  
 314 , 11697.4296019 , 0.265087 , 0.25209, 0.275487, 0.252002, 0.116211  
 315 , 11767.0021179 , 0.264695 , 0.253073, 0.275402, 0.255145, 0.111654  
 316 , 11795.1737518 , 0.262512 , 0.253073, 0.275402, 0.255145, 0.111654  
 317 , 11824.4249458 , 0.262105 , 0.253073, 0.275402, 0.255145, 0.111654  
 318 , 11852.4736588 , 0.2609 , 0.253073, 0.275402, 0.255145, 0.111654  
 319 , 11881.0405748 , 0.261801 , 0.253073, 0.275402, 0.255145, 0.111654  
 320 , 11950.1719389 , 0.262982 , 0.25111, 0.274765, 0.252866, 0.0777995  
 321 , 11978.099885 , 0.261714 , 0.25111, 0.274765, 0.252866, 0.0777995  
 322 , 12007.0786369 , 0.262595 , 0.25111, 0.274765, 0.252866, 0.0777995  
 323 , 12035.0884228 , 0.262241 , 0.25111, 0.274765, 0.252866, 0.0777995  
 324 , 12063.1796949 , 0.269312 , 0.25111, 0.274765, 0.252866, 0.0777995  
 325 , 12132.423157 , 0.26072 , 0.252471, 0.2756, 0.2532, 0.126628  
 326 , 12160.3603158 , 0.259636 , 0.252471, 0.2756, 0.2532, 0.126628  
 327 , 12189.6446438 , 0.264456 , 0.252471, 0.2756, 0.2532, 0.126628  
 328 , 12217.7785888 , 0.26165 , 0.252471, 0.2756, 0.2532, 0.126628  
 329 , 12245.823581 , 0.262571 , 0.252471, 0.2756, 0.2532, 0.126628  
 330 , 12315.378866 , 0.258445 , 0.251857, 0.275376, 0.249891, 0.0810547  
 331 , 12343.5656538 , 0.260414 , 0.251857, 0.275376, 0.249891, 0.0810547  
 332 , 12372.9506469 , 0.261027 , 0.251857, 0.275376, 0.249891, 0.0810547  
 333 , 12401.1456008 , 0.260257 , 0.251857, 0.275376, 0.249891, 0.0810547  
 334 , 12429.411783 , 0.261706 , 0.251857, 0.275376, 0.249891, 0.0810547  
 335 , 12498.947047 , 0.260411 , 0.250753, 0.275358, 0.250624, 0.0703125  
 336 , 12527.015775 , 0.261689 , 0.250753, 0.275358, 0.250624, 0.0703125  
 337 , 12556.3590658 , 0.261722 , 0.250753, 0.275358, 0.250624, 0.0703125  
 338 , 12584.4391949 , 0.263361 , 0.250753, 0.275358, 0.250624, 0.0703125  
 339 , 12617.3145909 , 0.261078 , 0.250753, 0.275358, 0.250624, 0.0703125  
 340 , 12686.8107829 , 0.259523 , 0.253106, 0.275665, 0.248986, 0.140625  
 341 , 12714.9633639 , 0.262766 , 0.253106, 0.275665, 0.248986, 0.140625  
 342 , 12744.1409149 , 0.265446 , 0.253106, 0.275665, 0.248986, 0.140625  
 343 , 12772.2120569 , 0.265017 , 0.253106, 0.275665, 0.248986, 0.140625  
 344 , 12800.1772299 , 0.262746 , 0.253106, 0.275665, 0.248986, 0.140625  
 345 , 12869.4960778 , 0.263014 , 0.252312, 0.275763, 0.250162, 0.111654  
 346 , 12897.6194499 , 0.259167 , 0.252312, 0.275763, 0.250162, 0.111654  
 347 , 12926.8503869 , 0.264789 , 0.252312, 0.275763, 0.250162, 0.111654  
 348 , 12955.038831 , 0.261411 , 0.252312, 0.275763, 0.250162, 0.111654  
 349 , 12983.081476 , 0.259859 , 0.252312, 0.275763, 0.250162, 0.111654  
 350 , 13052.426276 , 0.259084 , 0.251521, 0.275556, 0.250632, 0.0836589  
 351 , 13080.6159139 , 0.262928 , 0.251521, 0.275556, 0.250632, 0.0836589  
 352 , 13109.8348498 , 0.260723 , 0.251521, 0.275556, 0.250632, 0.0836589  
 353 , 13138.013063 , 0.259919 , 0.251521, 0.275556, 0.250632, 0.0836589  
 354 , 13166.1334229 , 0.260957 , 0.251521, 0.275556, 0.250632, 0.0836589  
 355 , 13235.6773319 , 0.260206 , 0.253596, 0.275362, 0.250539, 0.157227  
 356 , 13263.788559 , 0.265663 , 0.253596, 0.275362, 0.250539, 0.157227  
 357 , 13292.9176769 , 0.264713 , 0.253596, 0.275362, 0.250539, 0.157227  
 358 , 13321.1689169 , 0.263366 , 0.253596, 0.275362, 0.250539, 0.157227  
 359 , 13349.2742238 , 0.258402 , 0.253596, 0.275362, 0.250539, 0.157227  
 360 , 13418.680476 , 0.265934 , 0.251959, 0.275516, 0.253707, 0.10319  
 361 , 13446.830513 , 0.260971 , 0.251959, 0.275516, 0.253707, 0.10319  
 362 , 13476.027782 , 0.260742 , 0.251959, 0.275516, 0.253707, 0.10319  
 363 , 13504.1321478 , 0.260859 , 0.251959, 0.275516, 0.253707, 0.10319  
 364 , 13532.099597 , 0.264025 , 0.251959, 0.275516, 0.253707, 0.10319  
 365 , 13601.4900458 , 0.257419 , 0.252875, 0.275867, 0.252538, 0.144531  
 366 , 13629.649164 , 0.262853 , 0.252875, 0.275867, 0.252538, 0.144531  
 367 , 13658.77035 , 0.258352 , 0.252875, 0.275867, 0.252538, 0.144531  
 368 , 13687.0968118 , 0.262498 , 0.252875, 0.275867, 0.252538, 0.144531  
 369 , 13715.075001 , 0.262806 , 0.252875, 0.275867, 0.252538, 0.144531  
 370 , 13784.365196 , 0.259682 , 0.253108, 0.275351, 0.249115, 0.125326  
 371 , 13812.3670809 , 0.261127 , 0.253108, 0.275351, 0.249115, 0.125326  
 372 , 13841.622648 , 0.265024 , 0.253108, 0.275351, 0.249115, 0.125326  
 373 , 13869.7716408 , 0.260884 , 0.253108, 0.275351, 0.249115, 0.125326  
 374 , 13897.872633 , 0.259348 , 0.253108, 0.275351, 0.249115, 0.125326  
 375 , 13967.2788498 , 0.262786 , 0.251827, 0.276172, 0.251262, 0.114909  
 376 , 13995.3239369 , 0.260704 , 0.251827, 0.276172, 0.251262, 0.114909  
 377 , 14024.4453788 , 0.25854 , 0.251827, 0.276172, 0.251262, 0.114909  
 378 , 14052.6868508 , 0.2623 , 0.251827, 0.276172, 0.251262, 0.114909  
 379 , 14080.7279768 , 0.257646 , 0.251827, 0.276172, 0.251262, 0.114909  
 380 , 14150.1885579 , 0.261489 , 0.253088, 0.275744, 0.252164, 0.11263  
 381 , 14178.2244549 , 0.260173 , 0.253088, 0.275744, 0.252164, 0.11263  
 382 , 14207.5568399 , 0.261867 , 0.253088, 0.275744, 0.252164, 0.11263  
 383 , 14235.7896228 , 0.261918 , 0.253088, 0.275744, 0.252164, 0.11263  
 384 , 14263.8986528 , 0.262759 , 0.253088, 0.275744, 0.252164, 0.11263  
 385 , 14333.4832399 , 0.261352 , 0.254256, 0.275127, 0.253421, 0.152018  
 386 , 14361.5977869 , 0.259985 , 0.254256, 0.275127, 0.253421, 0.152018  
 387 , 14390.9036539 , 0.26227 , 0.254256, 0.275127, 0.253421, 0.152018  
 388 , 14419.0837488 , 0.263126 , 0.254256, 0.275127, 0.253421, 0.152018  
 389 , 14447.2866859 , 0.260242 , 0.254256, 0.275127, 0.253421, 0.152018  
 390 , 14516.5132508 , 0.265858 , 0.251987, 0.274547, 0.253575, 0.108398  
 391 , 14544.688272 , 0.2666 , 0.251987, 0.274547, 0.253575, 0.108398  
 392 , 14573.9631069 , 0.262461 , 0.251987, 0.274547, 0.253575, 0.108398  
 393 , 14602.0967579 , 0.262141 , 0.251987, 0.274547, 0.253575, 0.108398  
 394 , 14630.2159309 , 0.263655 , 0.251987, 0.274547, 0.253575, 0.108398  
 395 , 14699.732348 , 0.262474 , 0.251811, 0.276066, 0.252878, 0.11263  
 396 , 14727.8936698 , 0.260953 , 0.251811, 0.276066, 0.252878, 0.11263  
 397 , 14757.213346 , 0.259554 , 0.251811, 0.276066, 0.252878, 0.11263  
 398 , 14785.365948 , 0.260134 , 0.251811, 0.276066, 0.252878, 0.11263  
 399 , 14813.5484269 , 0.257906 , 0.251811, 0.276066, 0.252878, 0.11263  
 400 , 14883.2239728 , 0.259608 , 0.254575, 0.274649, 0.252261, 0.166667  
#  setting learning rate to 0.050000 
 401 , 14911.9749999 , 0.261185 , 0.254575, 0.274649, 0.252261, 0.166667  
 402 , 14941.0490088 , 0.262409 , 0.254575, 0.274649, 0.252261, 0.166667  
 403 , 14969.0787568 , 0.256997 , 0.254575, 0.274649, 0.252261, 0.166667  
 404 , 14997.1555948 , 0.260176 , 0.254575, 0.274649, 0.252261, 0.166667  
 405 , 15066.520474 , 0.263507 , 0.253175, 0.275312, 0.252709, 0.147786  
 406 , 15094.550411 , 0.258967 , 0.253175, 0.275312, 0.252709, 0.147786  
 407 , 15123.7604198 , 0.263083 , 0.253175, 0.275312, 0.252709, 0.147786  
 408 , 15151.9493098 , 0.263545 , 0.253175, 0.275312, 0.252709, 0.147786  
 409 , 15180.1687 , 0.265337 , 0.253175, 0.275312, 0.252709, 0.147786  
 410 , 15249.6065698 , 0.263349 , 0.253141, 0.275288, 0.252479, 0.144206  
 411 , 15277.6291759 , 0.26201 , 0.253141, 0.275288, 0.252479, 0.144206  
 412 , 15307.0192409 , 0.262681 , 0.253141, 0.275288, 0.252479, 0.144206  
 413 , 15335.1444478 , 0.262199 , 0.253141, 0.275288, 0.252479, 0.144206  
 414 , 15363.3093629 , 0.260373 , 0.253141, 0.275288, 0.252479, 0.144206  
 415 , 15433.2808478 , 0.259263 , 0.252818, 0.275466, 0.249718, 0.140299  
 416 , 15461.6559179 , 0.258995 , 0.252818, 0.275466, 0.249718, 0.140299  
 417 , 15490.6273079 , 0.261468 , 0.252818, 0.275466, 0.249718, 0.140299  
 418 , 15518.687943 , 0.263581 , 0.252818, 0.275466, 0.249718, 0.140299  
 419 , 15546.7346139 , 0.265131 , 0.252818, 0.275466, 0.249718, 0.140299  
 420 , 15616.0523059 , 0.26395 , 0.252651, 0.275575, 0.253207, 0.138346  
 421 , 15643.9728758 , 0.259497 , 0.252651, 0.275575, 0.253207, 0.138346  
 422 , 15673.0294819 , 0.264104 , 0.252651, 0.275575, 0.253207, 0.138346  
 423 , 15701.149056 , 0.261656 , 0.252651, 0.275575, 0.253207, 0.138346  
 424 , 15729.2118878 , 0.260762 , 0.252651, 0.275575, 0.253207, 0.138346  
 425 , 15798.6092429 , 0.262015 , 0.252447, 0.275688, 0.249957, 0.137044  
 426 , 15826.6935148 , 0.258296 , 0.252447, 0.275688, 0.249957, 0.137044  
 427 , 15855.8444939 , 0.260567 , 0.252447, 0.275688, 0.249957, 0.137044  
 428 , 15883.9043858 , 0.263498 , 0.252447, 0.275688, 0.249957, 0.137044  
 429 , 15912.0650978 , 0.264011 , 0.252447, 0.275688, 0.249957, 0.137044  
 430 , 15981.5781128 , 0.264558 , 0.252253, 0.275784, 0.252592, 0.136719  
 431 , 16009.6559939 , 0.261662 , 0.252253, 0.275784, 0.252592, 0.136719  
 432 , 16038.8721509 , 0.262162 , 0.252253, 0.275784, 0.252592, 0.136719  
 433 , 16066.9859288 , 0.258154 , 0.252253, 0.275784, 0.252592, 0.136719  
 434 , 16095.06671 , 0.263623 , 0.252253, 0.275784, 0.252592, 0.136719  
 435 , 16164.6363199 , 0.258398 , 0.252339, 0.275787, 0.249977, 0.136393  
 436 , 16192.8244088 , 0.262397 , 0.252339, 0.275787, 0.249977, 0.136393  
 437 , 16222.0296998 , 0.261995 , 0.252339, 0.275787, 0.249977, 0.136393  
 438 , 16250.0918169 , 0.259888 , 0.252339, 0.275787, 0.249977, 0.136393  
 439 , 16278.1162848 , 0.26327 , 0.252339, 0.275787, 0.249977, 0.136393  
 440 , 16347.4797099 , 0.26109 , 0.252397, 0.275826, 0.250078, 0.138021  
 441 , 16375.648042 , 0.260337 , 0.252397, 0.275826, 0.250078, 0.138021  
 442 , 16404.5579798 , 0.261518 , 0.252397, 0.275826, 0.250078, 0.138021  
 443 , 16432.6465549 , 0.257894 , 0.252397, 0.275826, 0.250078, 0.138021  
 444 , 16460.6736798 , 0.259855 , 0.252397, 0.275826, 0.250078, 0.138021  
 445 , 16530.1062729 , 0.260012 , 0.252466, 0.275774, 0.25148, 0.139648  
 446 , 16558.2784359 , 0.261663 , 0.252466, 0.275774, 0.25148, 0.139648  
 447 , 16587.559546 , 0.261307 , 0.252466, 0.275774, 0.25148, 0.139648  
 448 , 16615.6621978 , 0.261513 , 0.252466, 0.275774, 0.25148, 0.139648  
 449 , 16643.6960149 , 0.262436 , 0.252466, 0.275774, 0.25148, 0.139648  
 450 , 16713.0828419 , 0.260338 , 0.252209, 0.27587, 0.249569, 0.136393  
 451 , 16741.1097779 , 0.263732 , 0.252209, 0.27587, 0.249569, 0.136393  
 452 , 16770.1612518 , 0.259526 , 0.252209, 0.27587, 0.249569, 0.136393  
 453 , 16798.3469119 , 0.262394 , 0.252209, 0.27587, 0.249569, 0.136393  
 454 , 16826.4070399 , 0.261739 , 0.252209, 0.27587, 0.249569, 0.136393  
 455 , 16895.8004189 , 0.261315 , 0.252055, 0.275874, 0.2508, 0.133789  
 456 , 16923.9732158 , 0.262237 , 0.252055, 0.275874, 0.2508, 0.133789  
 457 , 16953.191088 , 0.263286 , 0.252055, 0.275874, 0.2508, 0.133789  
 458 , 16981.5048409 , 0.265601 , 0.252055, 0.275874, 0.2508, 0.133789  
 459 , 17009.5179069 , 0.260664 , 0.252055, 0.275874, 0.2508, 0.133789  
 460 , 17079.0551879 , 0.26245 , 0.251747, 0.275941, 0.250959, 0.130534  
 461 , 17107.1724279 , 0.260588 , 0.251747, 0.275941, 0.250959, 0.130534  
 462 , 17136.6773138 , 0.262042 , 0.251747, 0.275941, 0.250959, 0.130534  
 463 , 17164.8329799 , 0.262026 , 0.251747, 0.275941, 0.250959, 0.130534  
 464 , 17192.9219038 , 0.261852 , 0.251747, 0.275941, 0.250959, 0.130534  
 465 , 17262.505374 , 0.263524 , 0.252003, 0.276033, 0.253372, 0.133464  
 466 , 17290.6140769 , 0.262894 , 0.252003, 0.276033, 0.253372, 0.133464  
 467 , 17319.6734388 , 0.261084 , 0.252003, 0.276033, 0.253372, 0.133464  
 468 , 17347.6939428 , 0.264052 , 0.252003, 0.276033, 0.253372, 0.133464  
 469 , 17375.7301228 , 0.262124 , 0.252003, 0.276033, 0.253372, 0.133464  
 470 , 17445.2895529 , 0.263683 , 0.251832, 0.276141, 0.252507, 0.132487  
 471 , 17473.4274569 , 0.264868 , 0.251832, 0.276141, 0.252507, 0.132487  
 472 , 17502.616179 , 0.260238 , 0.251832, 0.276141, 0.252507, 0.132487  
 473 , 17530.824858 , 0.261516 , 0.251832, 0.276141, 0.252507, 0.132487  
 474 , 17558.7837288 , 0.264683 , 0.251832, 0.276141, 0.252507, 0.132487  
 475 , 17628.0762129 , 0.26317 , 0.25208, 0.276043, 0.252332, 0.134115  
 476 , 17656.0880208 , 0.262614 , 0.25208, 0.276043, 0.252332, 0.134115  
 477 , 17685.2351139 , 0.264093 , 0.25208, 0.276043, 0.252332, 0.134115  
 478 , 17713.4453058 , 0.259137 , 0.25208, 0.276043, 0.252332, 0.134115  
 479 , 17741.4535649 , 0.257332 , 0.25208, 0.276043, 0.252332, 0.134115  
 480 , 17810.9626198 , 0.260049 , 0.251963, 0.275993, 0.249177, 0.134115  
 481 , 17838.9577048 , 0.26306 , 0.251963, 0.275993, 0.249177, 0.134115  
 482 , 17868.140554 , 0.258676 , 0.251963, 0.275993, 0.249177, 0.134115  
 483 , 17896.448113 , 0.261724 , 0.251963, 0.275993, 0.249177, 0.134115  
 484 , 17924.5184548 , 0.259866 , 0.251963, 0.275993, 0.249177, 0.134115  
 485 , 17994.0136409 , 0.262372 , 0.252082, 0.276039, 0.249731, 0.136068  
 486 , 18022.087904 , 0.261438 , 0.252082, 0.276039, 0.249731, 0.136068  
 487 , 18051.362443 , 0.259742 , 0.252082, 0.276039, 0.249731, 0.136068  
 488 , 18079.531745 , 0.261494 , 0.252082, 0.276039, 0.249731, 0.136068  
 489 , 18107.6014869 , 0.263068 , 0.252082, 0.276039, 0.249731, 0.136068  
 490 , 18177.287545 , 0.260592 , 0.25189, 0.275952, 0.251136, 0.13444  
 491 , 18205.4081788 , 0.25959 , 0.25189, 0.275952, 0.251136, 0.13444  
 492 , 18234.6526809 , 0.264341 , 0.25189, 0.275952, 0.251136, 0.13444  
 493 , 18262.8122339 , 0.259632 , 0.25189, 0.275952, 0.251136, 0.13444  
 494 , 18290.8950539 , 0.257236 , 0.25189, 0.275952, 0.251136, 0.13444  
 495 , 18360.35514 , 0.257822 , 0.252118, 0.275977, 0.249072, 0.137044  
 496 , 18388.5224438 , 0.260289 , 0.252118, 0.275977, 0.249072, 0.137044  
 497 , 18417.7221398 , 0.263308 , 0.252118, 0.275977, 0.249072, 0.137044  
 498 , 18445.7836299 , 0.262559 , 0.252118, 0.275977, 0.249072, 0.137044  
 499 , 18473.9471438 , 0.262666 , 0.252118, 0.275977, 0.249072, 0.137044  
 500 , 18543.5978138 , 0.263561 , 0.251745, 0.276076, 0.251586, 0.130859  
 501 , 18571.760927 , 0.263104 , 0.251745, 0.276076, 0.251586, 0.130859  
 502 , 18601.0618269 , 0.263321 , 0.251745, 0.276076, 0.251586, 0.130859  
 503 , 18629.1691718 , 0.262721 , 0.251745, 0.276076, 0.251586, 0.130859  
 504 , 18657.3314669 , 0.260611 , 0.251745, 0.276076, 0.251586, 0.130859  
 505 , 18726.7828929 , 0.262976 , 0.251658, 0.276028, 0.251274, 0.129557  
 506 , 18754.9634409 , 0.262321 , 0.251658, 0.276028, 0.251274, 0.129557  
 507 , 18784.2593348 , 0.262375 , 0.251658, 0.276028, 0.251274, 0.129557  
 508 , 18812.4707479 , 0.260019 , 0.251658, 0.276028, 0.251274, 0.129557  
 509 , 18840.55354 , 0.264251 , 0.251658, 0.276028, 0.251274, 0.129557  
 510 , 18910.0746298 , 0.259612 , 0.251624, 0.276035, 0.251187, 0.128906  
 511 , 18938.1549509 , 0.265419 , 0.251624, 0.276035, 0.251187, 0.128906  
 512 , 18967.5210679 , 0.265583 , 0.251624, 0.276035, 0.251187, 0.128906  
 513 , 18995.7144778 , 0.261329 , 0.251624, 0.276035, 0.251187, 0.128906  
 514 , 19023.9686079 , 0.262821 , 0.251624, 0.276035, 0.251187, 0.128906  
 515 , 19093.2548599 , 0.263152 , 0.252037, 0.275954, 0.251026, 0.137044  
 516 , 19121.4035099 , 0.259453 , 0.252037, 0.275954, 0.251026, 0.137044  
 517 , 19150.7016778 , 0.267972 , 0.252037, 0.275954, 0.251026, 0.137044  
 518 , 19178.854142 , 0.265942 , 0.252037, 0.275954, 0.251026, 0.137044  
 519 , 19206.8234348 , 0.26351 , 0.252037, 0.275954, 0.251026, 0.137044  
 520 , 19276.1342478 , 0.264539 , 0.25188, 0.275929, 0.251646, 0.135742  
 521 , 19304.2783349 , 0.264276 , 0.25188, 0.275929, 0.251646, 0.135742  
 522 , 19333.5309439 , 0.261858 , 0.25188, 0.275929, 0.251646, 0.135742  
 523 , 19361.5850019 , 0.2624 , 0.25188, 0.275929, 0.251646, 0.135742  
 524 , 19389.6976359 , 0.260834 , 0.25188, 0.275929, 0.251646, 0.135742  
 525 , 19459.0509779 , 0.265175 , 0.252047, 0.275999, 0.250935, 0.137695  
 526 , 19486.9932468 , 0.260099 , 0.252047, 0.275999, 0.250935, 0.137695  
 527 , 19516.325562 , 0.266283 , 0.252047, 0.275999, 0.250935, 0.137695  
 528 , 19544.378243 , 0.261389 , 0.252047, 0.275999, 0.250935, 0.137695  
 529 , 19572.4687519 , 0.263258 , 0.252047, 0.275999, 0.250935, 0.137695  
 530 , 19641.8536398 , 0.266353 , 0.252119, 0.276007, 0.252502, 0.137695  
 531 , 19669.8695829 , 0.264208 , 0.252119, 0.276007, 0.252502, 0.137695  
 532 , 19699.1418378 , 0.263447 , 0.252119, 0.276007, 0.252502, 0.137695  
 533 , 19727.2414088 , 0.260902 , 0.252119, 0.276007, 0.252502, 0.137695  
 534 , 19755.3785839 , 0.263349 , 0.252119, 0.276007, 0.252502, 0.137695  
 535 , 19824.9323289 , 0.2626 , 0.252059, 0.276082, 0.250473, 0.137695  
 536 , 19853.0043738 , 0.264881 , 0.252059, 0.276082, 0.250473, 0.137695  
 537 , 19882.2640839 , 0.262484 , 0.252059, 0.276082, 0.250473, 0.137695  
 538 , 19910.3565669 , 0.261874 , 0.252059, 0.276082, 0.250473, 0.137695  
 539 , 19938.3593769 , 0.260409 , 0.252059, 0.276082, 0.250473, 0.137695  
 540 , 20007.6645079 , 0.264406 , 0.252197, 0.276116, 0.249659, 0.138997  
 541 , 20035.8180919 , 0.259965 , 0.252197, 0.276116, 0.249659, 0.138997  
 542 , 20065.108485 , 0.262436 , 0.252197, 0.276116, 0.249659, 0.138997  
 543 , 20093.220845 , 0.264037 , 0.252197, 0.276116, 0.249659, 0.138997  
 544 , 20121.3370848 , 0.260961 , 0.252197, 0.276116, 0.249659, 0.138997  
 545 , 20190.9420028 , 0.262364 , 0.252258, 0.276171, 0.253284, 0.139974  
 546 , 20219.078342 , 0.261955 , 0.252258, 0.276171, 0.253284, 0.139974  
 547 , 20248.4127538 , 0.260011 , 0.252258, 0.276171, 0.253284, 0.139974  
 548 , 20276.5930769 , 0.261151 , 0.252258, 0.276171, 0.253284, 0.139974  
 549 , 20304.6511889 , 0.264678 , 0.252258, 0.276171, 0.253284, 0.139974  
 550 , 20374.3065429 , 0.264101 , 0.252029, 0.276092, 0.252608, 0.139323  
 551 , 20402.4024889 , 0.263438 , 0.252029, 0.276092, 0.252608, 0.139323  
 552 , 20431.8516059 , 0.260588 , 0.252029, 0.276092, 0.252608, 0.139323  
 553 , 20460.162102 , 0.262299 , 0.252029, 0.276092, 0.252608, 0.139323  
 554 , 20488.2582989 , 0.259404 , 0.252029, 0.276092, 0.252608, 0.139323  
 555 , 20557.725189 , 0.265823 , 0.252359, 0.276132, 0.253938, 0.143229  
 556 , 20585.7318559 , 0.261514 , 0.252359, 0.276132, 0.253938, 0.143229  
 557 , 20614.879828 , 0.260702 , 0.252359, 0.276132, 0.253938, 0.143229  
 558 , 20643.13868 , 0.263881 , 0.252359, 0.276132, 0.253938, 0.143229  
 559 , 20671.2450039 , 0.259511 , 0.252359, 0.276132, 0.253938, 0.143229  
 560 , 20740.8373649 , 0.262476 , 0.252171, 0.27621, 0.253645, 0.139323  
 561 , 20769.0243378 , 0.262035 , 0.252171, 0.27621, 0.253645, 0.139323  
 562 , 20798.318429 , 0.256994 , 0.252171, 0.27621, 0.253645, 0.139323  
 563 , 20826.6171529 , 0.26316 , 0.252171, 0.27621, 0.253645, 0.139323  
 564 , 20855.0828109 , 0.261834 , 0.252171, 0.27621, 0.253645, 0.139323  
 565 , 20924.5262499 , 0.260002 , 0.251954, 0.276059, 0.250943, 0.13737  
 566 , 20952.5860739 , 0.26544 , 0.251954, 0.276059, 0.250943, 0.13737  
 567 , 20981.7385049 , 0.261765 , 0.251954, 0.276059, 0.250943, 0.13737  
 568 , 21009.8203309 , 0.261199 , 0.251954, 0.276059, 0.250943, 0.13737  
 569 , 21037.7261028 , 0.258986 , 0.251954, 0.276059, 0.250943, 0.13737  
 570 , 21107.1260669 , 0.262176 , 0.252091, 0.276249, 0.250664, 0.138346  
 571 , 21135.1645589 , 0.262671 , 0.252091, 0.276249, 0.250664, 0.138346  
 572 , 21164.242003 , 0.263292 , 0.252091, 0.276249, 0.250664, 0.138346  
 573 , 21192.37479 , 0.262194 , 0.252091, 0.276249, 0.250664, 0.138346  
 574 , 21220.431036 , 0.269244 , 0.252091, 0.276249, 0.250664, 0.138346  
 575 , 21289.6961768 , 0.259077 , 0.251703, 0.27602, 0.248372, 0.133464  
 576 , 21317.9447289 , 0.257189 , 0.251703, 0.27602, 0.248372, 0.133464  
 577 , 21347.2201149 , 0.26228 , 0.251703, 0.27602, 0.248372, 0.133464  
 578 , 21375.442997 , 0.261772 , 0.251703, 0.27602, 0.248372, 0.133464  
 579 , 21403.4871228 , 0.259845 , 0.251703, 0.27602, 0.248372, 0.133464  
 580 , 21472.8035769 , 0.260682 , 0.251933, 0.276176, 0.250565, 0.137695  
 581 , 21500.920954 , 0.264476 , 0.251933, 0.276176, 0.250565, 0.137695  
 582 , 21530.3382909 , 0.263934 , 0.251933, 0.276176, 0.250565, 0.137695  
 583 , 21558.5964818 , 0.257727 , 0.251933, 0.276176, 0.250565, 0.137695  
 584 , 21586.6184788 , 0.263065 , 0.251933, 0.276176, 0.250565, 0.137695  
 585 , 21656.0412109 , 0.256298 , 0.251695, 0.27612, 0.249993, 0.13444  
 586 , 21684.2563658 , 0.265784 , 0.251695, 0.27612, 0.249993, 0.13444  
 587 , 21713.6864598 , 0.262333 , 0.251695, 0.27612, 0.249993, 0.13444  
 588 , 21741.8157878 , 0.263603 , 0.251695, 0.27612, 0.249993, 0.13444  
 589 , 21769.8818948 , 0.264038 , 0.251695, 0.27612, 0.249993, 0.13444  
 590 , 21839.3175039 , 0.263109 , 0.251991, 0.276148, 0.249716, 0.136719  
 591 , 21867.4134908 , 0.262219 , 0.251991, 0.276148, 0.249716, 0.136719  
 592 , 21896.7822518 , 0.261528 , 0.251991, 0.276148, 0.249716, 0.136719  
 593 , 21925.023484 , 0.263008 , 0.251991, 0.276148, 0.249716, 0.136719  
 594 , 21953.0999999 , 0.264107 , 0.251991, 0.276148, 0.249716, 0.136719  
 595 , 22022.487772 , 0.260647 , 0.251809, 0.276181, 0.250703, 0.134766  
 596 , 22050.7029269 , 0.262838 , 0.251809, 0.276181, 0.250703, 0.134766  
 597 , 22079.9739399 , 0.25917 , 0.251809, 0.276181, 0.250703, 0.134766  
 598 , 22108.0482738 , 0.260497 , 0.251809, 0.276181, 0.250703, 0.134766  
 599 , 22136.1631298 , 0.259774 , 0.251809, 0.276181, 0.250703, 0.134766  
 600 , 22205.6735549 , 0.26242 , 0.25165, 0.276128, 0.249565, 0.131836  
 601 , 22233.874681 , 0.266621 , 0.25165, 0.276128, 0.249565, 0.131836  
 602 , 22263.2862339 , 0.260324 , 0.25165, 0.276128, 0.249565, 0.131836  
 603 , 22291.181011 , 0.257998 , 0.25165, 0.276128, 0.249565, 0.131836  
 604 , 22319.4550579 , 0.253324 , 0.25165, 0.276128, 0.249565, 0.131836  
 605 , 22389.278878 , 0.263624 , 0.251796, 0.276245, 0.250538, 0.136393  
 606 , 22417.5359709 , 0.260529 , 0.251796, 0.276245, 0.250538, 0.136393  
 607 , 22446.9092019 , 0.26123 , 0.251796, 0.276245, 0.250538, 0.136393  
 608 , 22475.1807668 , 0.259169 , 0.251796, 0.276245, 0.250538, 0.136393  
 609 , 22503.344975 , 0.26247 , 0.251796, 0.276245, 0.250538, 0.136393  
 610 , 22576.0270219 , 0.261392 , 0.251813, 0.276254, 0.250773, 0.136393  
 611 , 22604.3599939 , 0.261691 , 0.251813, 0.276254, 0.250773, 0.136393  
 612 , 22633.8369558 , 0.264306 , 0.251813, 0.276254, 0.250773, 0.136393  
 613 , 22662.292732 , 0.263023 , 0.251813, 0.276254, 0.250773, 0.136393  
 614 , 22690.4020729 , 0.262928 , 0.251813, 0.276254, 0.250773, 0.136393  
 615 , 22759.9537458 , 0.2622 , 0.252145, 0.276264, 0.25279, 0.139323  
 616 , 22788.0978088 , 0.261064 , 0.252145, 0.276264, 0.25279, 0.139323  
 617 , 22817.428484 , 0.262171 , 0.252145, 0.276264, 0.25279, 0.139323  
 618 , 22845.5473189 , 0.263511 , 0.252145, 0.276264, 0.25279, 0.139323  
 619 , 22873.5832598 , 0.262237 , 0.252145, 0.276264, 0.25279, 0.139323  
 620 , 22943.4310498 , 0.26368 , 0.252196, 0.276315, 0.25157, 0.140625  
 621 , 22971.6818569 , 0.260869 , 0.252196, 0.276315, 0.25157, 0.140625  
 622 , 23001.09003 , 0.264675 , 0.252196, 0.276315, 0.25157, 0.140625  
 623 , 23029.3077619 , 0.262093 , 0.252196, 0.276315, 0.25157, 0.140625  
 624 , 23057.5075579 , 0.260396 , 0.252196, 0.276315, 0.25157, 0.140625  
 625 , 23127.249141 , 0.264987 , 0.251905, 0.276252, 0.252173, 0.135742  
 626 , 23155.4995518 , 0.264236 , 0.251905, 0.276252, 0.252173, 0.135742  
 627 , 23184.8303058 , 0.2621 , 0.251905, 0.276252, 0.252173, 0.135742  
 628 , 23213.0902028 , 0.262916 , 0.251905, 0.276252, 0.252173, 0.135742  
 629 , 23241.2567389 , 0.261979 , 0.251905, 0.276252, 0.252173, 0.135742  
 630 , 23311.1865368 , 0.259316 , 0.251633, 0.276228, 0.250566, 0.132487  
 631 , 23339.4289029 , 0.262642 , 0.251633, 0.276228, 0.250566, 0.132487  
 632 , 23368.9919548 , 0.26518 , 0.251633, 0.276228, 0.250566, 0.132487  
 633 , 23397.3808379 , 0.259605 , 0.251633, 0.276228, 0.250566, 0.132487  
 634 , 23425.5618169 , 0.261236 , 0.251633, 0.276228, 0.250566, 0.132487  
 635 , 23495.365546 , 0.260587 , 0.251875, 0.276177, 0.250988, 0.136393  
 636 , 23523.5605378 , 0.262858 , 0.251875, 0.276177, 0.250988, 0.136393  
 637 , 23553.0054538 , 0.260063 , 0.251875, 0.276177, 0.250988, 0.136393  
 638 , 23581.187259 , 0.261644 , 0.251875, 0.276177, 0.250988, 0.136393  
 639 , 23609.3377819 , 0.262127 , 0.251875, 0.276177, 0.250988, 0.136393  
 640 , 23683.907691 , 0.261773 , 0.251725, 0.276153, 0.250939, 0.133789  
 641 , 23712.0205419 , 0.263311 , 0.251725, 0.276153, 0.250939, 0.133789  
 642 , 23741.1990509 , 0.262007 , 0.251725, 0.276153, 0.250939, 0.133789  
 643 , 23769.2223818 , 0.262645 , 0.251725, 0.276153, 0.250939, 0.133789  
 644 , 23797.2756329 , 0.260826 , 0.251725, 0.276153, 0.250939, 0.133789  
 645 , 23867.0175958 , 0.264787 , 0.251589, 0.276215, 0.252018, 0.130534  
 646 , 23895.3007438 , 0.261985 , 0.251589, 0.276215, 0.252018, 0.130534  
 647 , 23924.6901748 , 0.259646 , 0.251589, 0.276215, 0.252018, 0.130534  
 648 , 23953.0104368 , 0.26214 , 0.251589, 0.276215, 0.252018, 0.130534  
 649 , 23981.2161748 , 0.263629 , 0.251589, 0.276215, 0.252018, 0.130534  
 650 , 24050.8894138 , 0.26737 , 0.25164, 0.276179, 0.253405, 0.132487  
 651 , 24079.1144328 , 0.263871 , 0.25164, 0.276179, 0.253405, 0.132487  
 652 , 24108.663342 , 0.262884 , 0.25164, 0.276179, 0.253405, 0.132487  
 653 , 24136.9058549 , 0.261482 , 0.25164, 0.276179, 0.253405, 0.132487  
 654 , 24165.0929859 , 0.26117 , 0.25164, 0.276179, 0.253405, 0.132487  
 655 , 24234.8762178 , 0.260853 , 0.252012, 0.276258, 0.249226, 0.137695  
 656 , 24263.24663 , 0.260215 , 0.252012, 0.276258, 0.249226, 0.137695  
 657 , 24292.7438478 , 0.262486 , 0.252012, 0.276258, 0.249226, 0.137695  
 658 , 24320.9590249 , 0.260222 , 0.252012, 0.276258, 0.249226, 0.137695  
 659 , 24349.1302748 , 0.262084 , 0.252012, 0.276258, 0.249226, 0.137695  
 660 , 24418.9089849 , 0.261292 , 0.251723, 0.276164, 0.252164, 0.133789  
 661 , 24447.1408608 , 0.260779 , 0.251723, 0.276164, 0.252164, 0.133789  
 662 , 24476.5512159 , 0.262397 , 0.251723, 0.276164, 0.252164, 0.133789  
 663 , 24509.207232 , 0.261999 , 0.251723, 0.276164, 0.252164, 0.133789  
 664 , 24537.1345229 , 0.260511 , 0.251723, 0.276164, 0.252164, 0.133789  
 665 , 24606.8604188 , 0.256583 , 0.251867, 0.276168, 0.246569, 0.135742  
 666 , 24634.989677 , 0.258823 , 0.251867, 0.276168, 0.246569, 0.135742  
 667 , 24664.2703669 , 0.261719 , 0.251867, 0.276168, 0.246569, 0.135742  
 668 , 24692.5370789 , 0.264662 , 0.251867, 0.276168, 0.246569, 0.135742  
 669 , 24720.7556858 , 0.263088 , 0.251867, 0.276168, 0.246569, 0.135742  
 670 , 24790.6000969 , 0.266477 , 0.252282, 0.27626, 0.252001, 0.142578  
 671 , 24823.4031749 , 0.260946 , 0.252282, 0.27626, 0.252001, 0.142578  
 672 , 24852.5686779 , 0.26654 , 0.252282, 0.27626, 0.252001, 0.142578  
 673 , 24880.6554599 , 0.263541 , 0.252282, 0.27626, 0.252001, 0.142578  
 674 , 24908.682158 , 0.260552 , 0.252282, 0.27626, 0.252001, 0.142578  
 675 , 24978.1033399 , 0.259728 , 0.251981, 0.276307, 0.251193, 0.136068  
 676 , 25005.970963 , 0.266052 , 0.251981, 0.276307, 0.251193, 0.136068  
 677 , 25035.2233758 , 0.264942 , 0.251981, 0.276307, 0.251193, 0.136068  
 678 , 25063.5283959 , 0.261681 , 0.251981, 0.276307, 0.251193, 0.136068  
 679 , 25091.7056348 , 0.261873 , 0.251981, 0.276307, 0.251193, 0.136068  
 680 , 25161.2110338 , 0.262203 , 0.251921, 0.276195, 0.250656, 0.13737  
 681 , 25189.4313009 , 0.259987 , 0.251921, 0.276195, 0.250656, 0.13737  
 682 , 25218.8309488 , 0.261599 , 0.251921, 0.276195, 0.250656, 0.13737  
 683 , 25246.9737649 , 0.259553 , 0.251921, 0.276195, 0.250656, 0.13737  
 684 , 25275.0643668 , 0.25856 , 0.251921, 0.276195, 0.250656, 0.13737  
 685 , 25344.6038048 , 0.258537 , 0.251796, 0.27622, 0.246763, 0.135417  
 686 , 25372.810184 , 0.261808 , 0.251796, 0.27622, 0.246763, 0.135417  
 687 , 25401.9468179 , 0.261503 , 0.251796, 0.27622, 0.246763, 0.135417  
 688 , 25430.110873 , 0.261555 , 0.251796, 0.27622, 0.246763, 0.135417  
 689 , 25458.1219668 , 0.261818 , 0.251796, 0.27622, 0.246763, 0.135417  
 690 , 25532.8408308 , 0.260945 , 0.25211, 0.276277, 0.252785, 0.140299  
 691 , 25561.0017638 , 0.264844 , 0.25211, 0.276277, 0.252785, 0.140299  
 692 , 25590.3892109 , 0.262875 , 0.25211, 0.276277, 0.252785, 0.140299  
 693 , 25618.5705869 , 0.263023 , 0.25211, 0.276277, 0.252785, 0.140299  
 694 , 25646.6397789 , 0.26435 , 0.25211, 0.276277, 0.252785, 0.140299  
 695 , 25716.4457288 , 0.263225 , 0.251954, 0.276119, 0.251873, 0.136719  
 696 , 25744.6361499 , 0.266785 , 0.251954, 0.276119, 0.251873, 0.136719  
 697 , 25774.145752 , 0.261347 , 0.251954, 0.276119, 0.251873, 0.136719  
 698 , 25802.3484099 , 0.26327 , 0.251954, 0.276119, 0.251873, 0.136719  
 699 , 25830.6797919 , 0.263479 , 0.251954, 0.276119, 0.251873, 0.136719  
 700 , 25900.6364629 , 0.259273 , 0.252151, 0.276301, 0.249855, 0.139974  
 701 , 25929.0847239 , 0.261742 , 0.252151, 0.276301, 0.249855, 0.139974  
 702 , 25959.7139668 , 0.257236 , 0.252151, 0.276301, 0.249855, 0.139974  
 703 , 25991.101671 , 0.258012 , 0.252151, 0.276301, 0.249855, 0.139974  
 704 , 26019.191649 , 0.261948 , 0.252151, 0.276301, 0.249855, 0.139974  
 705 , 26088.5880899 , 0.264034 , 0.252225, 0.276402, 0.251507, 0.140299  
 706 , 26116.767617 , 0.263225 , 0.252225, 0.276402, 0.251507, 0.140299  
 707 , 26146.227247 , 0.260422 , 0.252225, 0.276402, 0.251507, 0.140299  
 708 , 26174.5953188 , 0.260742 , 0.252225, 0.276402, 0.251507, 0.140299  
 709 , 26202.6348369 , 0.263027 , 0.252225, 0.276402, 0.251507, 0.140299  
 710 , 26272.898428 , 0.262385 , 0.251643, 0.276303, 0.252412, 0.131185  
 711 , 26301.0623639 , 0.262965 , 0.251643, 0.276303, 0.252412, 0.131185  
 712 , 26330.3199489 , 0.264709 , 0.251643, 0.276303, 0.252412, 0.131185  
 713 , 26358.5398989 , 0.264224 , 0.251643, 0.276303, 0.252412, 0.131185  
 714 , 26386.6000118 , 0.264447 , 0.251643, 0.276303, 0.252412, 0.131185  
 715 , 26460.1457539 , 0.264607 , 0.252054, 0.276199, 0.252327, 0.139648  
 716 , 26488.1287229 , 0.262262 , 0.252054, 0.276199, 0.252327, 0.139648  
 717 , 26517.3193269 , 0.261533 , 0.252054, 0.276199, 0.252327, 0.139648  
 718 , 26545.4348898 , 0.257398 , 0.252054, 0.276199, 0.252327, 0.139648  
 719 , 26573.3962429 , 0.263625 , 0.252054, 0.276199, 0.252327, 0.139648  
 720 , 26643.0925829 , 0.261434 , 0.25197, 0.276196, 0.250712, 0.136393  
 721 , 26671.2083418 , 0.259917 , 0.25197, 0.276196, 0.250712, 0.136393  
 722 , 26700.5945079 , 0.263351 , 0.25197, 0.276196, 0.250712, 0.136393  
 723 , 26728.7373998 , 0.262431 , 0.25197, 0.276196, 0.250712, 0.136393  
 724 , 26756.8558788 , 0.264015 , 0.25197, 0.276196, 0.250712, 0.136393  
 725 , 26826.4206789 , 0.260596 , 0.25175, 0.276183, 0.250055, 0.134766  
 726 , 26854.4725249 , 0.262263 , 0.25175, 0.276183, 0.250055, 0.134766  
 727 , 26883.7128708 , 0.264782 , 0.25175, 0.276183, 0.250055, 0.134766  
 728 , 26911.9809179 , 0.260288 , 0.25175, 0.276183, 0.250055, 0.134766  
 729 , 26940.2241778 , 0.263976 , 0.25175, 0.276183, 0.250055, 0.134766  
 730 , 27009.8357239 , 0.263656 , 0.251678, 0.27619, 0.251159, 0.134115  
 731 , 27038.1551368 , 0.262954 , 0.251678, 0.27619, 0.251159, 0.134115  
 732 , 27067.4186809 , 0.263031 , 0.251678, 0.27619, 0.251159, 0.134115  
 733 , 27095.580565 , 0.263511 , 0.251678, 0.27619, 0.251159, 0.134115  
 734 , 27123.8302169 , 0.263003 , 0.251678, 0.27619, 0.251159, 0.134115  
 735 , 27193.5832529 , 0.262554 , 0.252075, 0.276269, 0.250816, 0.138672  
 736 , 27221.8474789 , 0.262255 , 0.252075, 0.276269, 0.250816, 0.138672  
 737 , 27251.147362 , 0.262274 , 0.252075, 0.276269, 0.250816, 0.138672  
 738 , 27279.398191 , 0.262946 , 0.252075, 0.276269, 0.250816, 0.138672  
 739 , 27307.5888069 , 0.26281 , 0.252075, 0.276269, 0.250816, 0.138672  
 740 , 27381.9966049 , 0.26339 , 0.251909, 0.276209, 0.251795, 0.136068  
 741 , 27410.1265368 , 0.258002 , 0.251909, 0.276209, 0.251795, 0.136068  
 742 , 27439.592665 , 0.260106 , 0.251909, 0.276209, 0.251795, 0.136068  
 743 , 27467.9102519 , 0.261387 , 0.251909, 0.276209, 0.251795, 0.136068  
 744 , 27496.1699648 , 0.263386 , 0.251909, 0.276209, 0.251795, 0.136068  
 745 , 27565.8261459 , 0.258834 , 0.251978, 0.276197, 0.249435, 0.137044  
 746 , 27594.016078 , 0.258213 , 0.251978, 0.276197, 0.249435, 0.137044  
 747 , 27623.3444228 , 0.26425 , 0.251978, 0.276197, 0.249435, 0.137044  
 748 , 27651.5945339 , 0.263544 , 0.251978, 0.276197, 0.249435, 0.137044  
 749 , 27679.8614509 , 0.262446 , 0.251978, 0.276197, 0.249435, 0.137044  
 750 , 27752.7440078 , 0.263168 , 0.251485, 0.276233, 0.252407, 0.130208  
 751 , 27780.9060218 , 0.262385 , 0.251485, 0.276233, 0.252407, 0.130208  
 752 , 27810.4307678 , 0.258228 , 0.251485, 0.276233, 0.252407, 0.130208  
 753 , 27838.7992179 , 0.259101 , 0.251485, 0.276233, 0.252407, 0.130208  
 754 , 27866.8295159 , 0.262299 , 0.251485, 0.276233, 0.252407, 0.130208  
 755 , 27936.6153078 , 0.264135 , 0.252047, 0.276331, 0.253296, 0.137044  
 756 , 27964.9286869 , 0.258851 , 0.252047, 0.276331, 0.253296, 0.137044  
 757 , 27994.3917599 , 0.257597 , 0.252047, 0.276331, 0.253296, 0.137044  
 758 , 28022.6770039 , 0.261512 , 0.252047, 0.276331, 0.253296, 0.137044  
 759 , 28050.8764398 , 0.261368 , 0.252047, 0.276331, 0.253296, 0.137044  
 760 , 28120.8973839 , 0.261789 , 0.251946, 0.2763, 0.248083, 0.135742  
 761 , 28148.9394839 , 0.2619 , 0.251946, 0.2763, 0.248083, 0.135742  
 762 , 28178.1569588 , 0.265523 , 0.251946, 0.2763, 0.248083, 0.135742  
 763 , 28206.34427 , 0.261928 , 0.251946, 0.2763, 0.248083, 0.135742  
 764 , 28234.4204159 , 0.259987 , 0.251946, 0.2763, 0.248083, 0.135742  
 765 , 28304.2357538 , 0.262278 , 0.251984, 0.276355, 0.249594, 0.135417  
 766 , 28332.4262338 , 0.258282 , 0.251984, 0.276355, 0.249594, 0.135417  
 767 , 28361.7151389 , 0.261471 , 0.251984, 0.276355, 0.249594, 0.135417  
 768 , 28389.8872919 , 0.260337 , 0.251984, 0.276355, 0.249594, 0.135417  
 769 , 28422.8764868 , 0.263032 , 0.251984, 0.276355, 0.249594, 0.135417  
 770 , 28492.3859959 , 0.260535 , 0.251717, 0.276242, 0.253054, 0.132812  
 771 , 28520.5824919 , 0.264483 , 0.251717, 0.276242, 0.253054, 0.132812  
 772 , 28549.8580198 , 0.263274 , 0.251717, 0.276242, 0.253054, 0.132812  
 773 , 28578.0962269 , 0.262848 , 0.251717, 0.276242, 0.253054, 0.132812  
 774 , 28606.2134609 , 0.261702 , 0.251717, 0.276242, 0.253054, 0.132812  
 775 , 28675.8728058 , 0.260862 , 0.251934, 0.276323, 0.249477, 0.136719  
 776 , 28704.1703229 , 0.262046 , 0.251934, 0.276323, 0.249477, 0.136719  
 777 , 28733.6193449 , 0.261767 , 0.251934, 0.276323, 0.249477, 0.136719  
 778 , 28761.8257549 , 0.259294 , 0.251934, 0.276323, 0.249477, 0.136719  
 779 , 28790.1308298 , 0.264327 , 0.251934, 0.276323, 0.249477, 0.136719  
 780 , 28860.0368209 , 0.26301 , 0.251709, 0.276285, 0.252011, 0.133789  
 781 , 28888.161907 , 0.262207 , 0.251709, 0.276285, 0.252011, 0.133789  
 782 , 28917.4425778 , 0.258999 , 0.251709, 0.276285, 0.252011, 0.133789  
 783 , 28945.6463318 , 0.26451 , 0.251709, 0.276285, 0.252011, 0.133789  
 784 , 28973.7178509 , 0.262931 , 0.251709, 0.276285, 0.252011, 0.133789  
 785 , 29043.475837 , 0.259185 , 0.251944, 0.276296, 0.249347, 0.138346  
 786 , 29071.7954998 , 0.259688 , 0.251944, 0.276296, 0.249347, 0.138346  
 787 , 29101.2707679 , 0.260476 , 0.251944, 0.276296, 0.249347, 0.138346  
 788 , 29129.4894929 , 0.26188 , 0.251944, 0.276296, 0.249347, 0.138346  
 789 , 29157.6241839 , 0.263188 , 0.251944, 0.276296, 0.249347, 0.138346  
 790 , 29232.2506499 , 0.263719 , 0.251946, 0.276338, 0.252167, 0.138346  
 791 , 29260.389622 , 0.261411 , 0.251946, 0.276338, 0.252167, 0.138346  
 792 , 29289.696836 , 0.262076 , 0.251946, 0.276338, 0.252167, 0.138346  
 793 , 29318.0454378 , 0.257468 , 0.251946, 0.276338, 0.252167, 0.138346  
 794 , 29346.3137078 , 0.258881 , 0.251946, 0.276338, 0.252167, 0.138346  
 795 , 29415.9729719 , 0.263768 , 0.252194, 0.276256, 0.251349, 0.140299  
 796 , 29444.330297 , 0.26189 , 0.252194, 0.276256, 0.251349, 0.140299  
 797 , 29473.8264539 , 0.263933 , 0.252194, 0.276256, 0.251349, 0.140299  
 798 , 29502.4141338 , 0.262338 , 0.252194, 0.276256, 0.251349, 0.140299  
 799 , 29530.5685279 , 0.260228 , 0.252194, 0.276256, 0.251349, 0.140299  
 800 , 29600.4684548 , 0.265521 , 0.251989, 0.27625, 0.253679, 0.136393  
#  setting learning rate to 0.001000 
 801 , 29633.7171748 , 0.263004 , 0.251989, 0.27625, 0.253679, 0.136393  
 802 , 29662.9576449 , 0.261527 , 0.251989, 0.27625, 0.253679, 0.136393  
 803 , 29691.1472509 , 0.260755 , 0.251989, 0.27625, 0.253679, 0.136393  
 804 , 29719.2241409 , 0.265877 , 0.251989, 0.27625, 0.253679, 0.136393  
 805 , 29788.5619228 , 0.264399 , 0.251867, 0.276264, 0.251331, 0.133789  
 806 , 29816.7317369 , 0.262505 , 0.251867, 0.276264, 0.251331, 0.133789  
 807 , 29846.0545688 , 0.262521 , 0.251867, 0.276264, 0.251331, 0.133789  
 808 , 29874.4058349 , 0.263197 , 0.251867, 0.276264, 0.251331, 0.133789  
 809 , 29902.4365869 , 0.257827 , 0.251867, 0.276264, 0.251331, 0.133789  
 810 , 29971.7190878 , 0.262969 , 0.251712, 0.276189, 0.250526, 0.13151  
 811 , 29999.7715368 , 0.260758 , 0.251712, 0.276189, 0.250526, 0.13151  
 812 , 30028.9635618 , 0.258591 , 0.251712, 0.276189, 0.250526, 0.13151  
 813 , 30057.0242138 , 0.262292 , 0.251712, 0.276189, 0.250526, 0.13151  
 814 , 30085.0373528 , 0.261611 , 0.251712, 0.276189, 0.250526, 0.13151  
 815 , 30154.4754808 , 0.261547 , 0.251522, 0.276197, 0.251902, 0.128906  
 816 , 30182.6098599 , 0.261797 , 0.251522, 0.276197, 0.251902, 0.128906  
 817 , 30211.7811239 , 0.260144 , 0.251522, 0.276197, 0.251902, 0.128906  
 818 , 30239.919524 , 0.260675 , 0.251522, 0.276197, 0.251902, 0.128906  
 819 , 30268.0256958 , 0.262387 , 0.251522, 0.276197, 0.251902, 0.128906  
 820 , 30337.5506508 , 0.262378 , 0.251721, 0.27609, 0.251967, 0.133138  
 821 , 30365.6489308 , 0.261054 , 0.251721, 0.27609, 0.251967, 0.133138  
 822 , 30394.9071989 , 0.262004 , 0.251721, 0.27609, 0.251967, 0.133138  
 823 , 30423.2796569 , 0.262406 , 0.251721, 0.27609, 0.251967, 0.133138  
 824 , 30451.3276918 , 0.263363 , 0.251721, 0.27609, 0.251967, 0.133138  
 825 , 30520.7779808 , 0.261259 , 0.251848, 0.276243, 0.250972, 0.13444  
 826 , 30548.9239149 , 0.265429 , 0.251848, 0.276243, 0.250972, 0.13444  
 827 , 30578.2193959 , 0.265729 , 0.251848, 0.276243, 0.250972, 0.13444  
 828 , 30606.5220809 , 0.261298 , 0.251848, 0.276243, 0.250972, 0.13444  
 829 , 30634.7141719 , 0.263224 , 0.251848, 0.276243, 0.250972, 0.13444  
 830 , 30704.2952709 , 0.261036 , 0.251893, 0.276162, 0.250691, 0.135742  
 831 , 30732.4792619 , 0.262599 , 0.251893, 0.276162, 0.250691, 0.135742  
 832 , 30762.1115029 , 0.262048 , 0.251893, 0.276162, 0.250691, 0.135742  
 833 , 30790.3037119 , 0.25902 , 0.251893, 0.276162, 0.250691, 0.135742  
 834 , 30818.4429178 , 0.264086 , 0.251893, 0.276162, 0.250691, 0.135742  
 835 , 30888.1746588 , 0.261832 , 0.251947, 0.276267, 0.249246, 0.135091  
 836 , 30916.3807249 , 0.259011 , 0.251947, 0.276267, 0.249246, 0.135091  
 837 , 30945.7597978 , 0.257998 , 0.251947, 0.276267, 0.249246, 0.135091  
 838 , 30974.03421 , 0.259783 , 0.251947, 0.276267, 0.249246, 0.135091  
 839 , 31002.3363378 , 0.260786 , 0.251947, 0.276267, 0.249246, 0.135091  
 840 , 31074.892102 , 0.259568 , 0.25207, 0.276277, 0.248347, 0.138021  
 841 , 31103.0160539 , 0.26245 , 0.25207, 0.276277, 0.248347, 0.138021  
 842 , 31132.4765148 , 0.263915 , 0.25207, 0.276277, 0.248347, 0.138021  
 843 , 31160.6250989 , 0.263367 , 0.25207, 0.276277, 0.248347, 0.138021  
 844 , 31188.705143 , 0.260612 , 0.25207, 0.276277, 0.248347, 0.138021  
 845 , 31258.3119228 , 0.267774 , 0.251754, 0.276216, 0.252524, 0.133138  
 846 , 31286.547812 , 0.260204 , 0.251754, 0.276216, 0.252524, 0.133138  
 847 , 31315.9103858 , 0.26021 , 0.251754, 0.276216, 0.252524, 0.133138  
 848 , 31344.0694568 , 0.263601 , 0.251754, 0.276216, 0.252524, 0.133138  
 849 , 31372.4147699 , 0.261875 , 0.251754, 0.276216, 0.252524, 0.133138  
 850 , 31442.4239669 , 0.260539 , 0.251971, 0.276307, 0.249862, 0.135742  
 851 , 31470.6105268 , 0.26003 , 0.251971, 0.276307, 0.249862, 0.135742  
 852 , 31499.9893148 , 0.262322 , 0.251971, 0.276307, 0.249862, 0.135742  
 853 , 31528.2165248 , 0.261167 , 0.251971, 0.276307, 0.249862, 0.135742  
 854 , 31556.3768818 , 0.264379 , 0.251971, 0.276307, 0.249862, 0.135742  
 855 , 31626.2705488 , 0.264427 , 0.251863, 0.27613, 0.250692, 0.134115  
 856 , 31654.282815 , 0.259618 , 0.251863, 0.27613, 0.250692, 0.134115  
 857 , 31688.6504128 , 0.26302 , 0.251863, 0.27613, 0.250692, 0.134115  
 858 , 31716.648423 , 0.262738 , 0.251863, 0.27613, 0.250692, 0.134115  
 859 , 31744.8446379 , 0.260153 , 0.251863, 0.27613, 0.250692, 0.134115  
 860 , 31814.6316519 , 0.259118 , 0.251911, 0.276352, 0.249181, 0.13444  
 861 , 31842.667521 , 0.26283 , 0.251911, 0.276352, 0.249181, 0.13444  
 862 , 31872.08355 , 0.264884 , 0.251911, 0.276352, 0.249181, 0.13444  
 863 , 31900.3218238 , 0.261955 , 0.251911, 0.276352, 0.249181, 0.13444  
 864 , 31928.2808478 , 0.261333 , 0.251911, 0.276352, 0.249181, 0.13444  
 865 , 31997.8920169 , 0.262139 , 0.251769, 0.2762, 0.252095, 0.132487  
 866 , 32031.0462859 , 0.261791 , 0.251769, 0.2762, 0.252095, 0.132487  
 867 , 32060.100848 , 0.26272 , 0.251769, 0.2762, 0.252095, 0.132487  
 868 , 32088.2401438 , 0.262543 , 0.251769, 0.2762, 0.252095, 0.132487  
 869 , 32116.1838198 , 0.260862 , 0.251769, 0.2762, 0.252095, 0.132487  
 870 , 32185.5084069 , 0.262238 , 0.251856, 0.276212, 0.250252, 0.133789  
 871 , 32213.5476589 , 0.262786 , 0.251856, 0.276212, 0.250252, 0.133789  
 872 , 32242.7769229 , 0.26526 , 0.251856, 0.276212, 0.250252, 0.133789  
 873 , 32270.9587679 , 0.263252 , 0.251856, 0.276212, 0.250252, 0.133789  
 874 , 32299.0407839 , 0.26312 , 0.251856, 0.276212, 0.250252, 0.133789  
 875 , 32368.376483 , 0.261469 , 0.251982, 0.276412, 0.250717, 0.136393  
 876 , 32396.4482508 , 0.25853 , 0.251982, 0.276412, 0.250717, 0.136393  
 877 , 32425.5830109 , 0.258097 , 0.251982, 0.276412, 0.250717, 0.136393  
 878 , 32453.6647429 , 0.261183 , 0.251982, 0.276412, 0.250717, 0.136393  
 879 , 32481.57424 , 0.258461 , 0.251982, 0.276412, 0.250717, 0.136393  
 880 , 32550.778466 , 0.265729 , 0.251827, 0.276244, 0.251209, 0.133464  
 881 , 32578.8241668 , 0.262772 , 0.251827, 0.276244, 0.251209, 0.133464  
 882 , 32607.949163 , 0.260518 , 0.251827, 0.276244, 0.251209, 0.133464  
 883 , 32636.0714209 , 0.258985 , 0.251827, 0.276244, 0.251209, 0.133464  
 884 , 32664.2464459 , 0.262996 , 0.251827, 0.276244, 0.251209, 0.133464  
 885 , 32733.6018388 , 0.261749 , 0.252244, 0.276412, 0.250337, 0.140625  
 886 , 32761.5833418 , 0.26005 , 0.252244, 0.276412, 0.250337, 0.140625  
 887 , 32790.6967289 , 0.259911 , 0.252244, 0.276412, 0.250337, 0.140625  
 888 , 32818.9030399 , 0.260852 , 0.252244, 0.276412, 0.250337, 0.140625  
 889 , 32846.9746869 , 0.260565 , 0.252244, 0.276412, 0.250337, 0.140625  
 890 , 32916.415875 , 0.262182 , 0.251848, 0.276218, 0.251058, 0.135417  
 891 , 32944.4569938 , 0.26341 , 0.251848, 0.276218, 0.251058, 0.135417  
 892 , 32973.7495868 , 0.262057 , 0.251848, 0.276218, 0.251058, 0.135417  
 893 , 33001.9025209 , 0.265619 , 0.251848, 0.276218, 0.251058, 0.135417  
 894 , 33029.8584599 , 0.260581 , 0.251848, 0.276218, 0.251058, 0.135417  
 895 , 33099.3800929 , 0.262346 , 0.251884, 0.276254, 0.251823, 0.135417  
 896 , 33127.5846808 , 0.258153 , 0.251884, 0.276254, 0.251823, 0.135417  
 897 , 33156.9142809 , 0.263032 , 0.251884, 0.276254, 0.251823, 0.135417  
 898 , 33185.05124 , 0.263999 , 0.251884, 0.276254, 0.251823, 0.135417  
 899 , 33213.142453 , 0.262472 , 0.251884, 0.276254, 0.251823, 0.135417  
 900 , 33282.4367888 , 0.258751 , 0.25207, 0.27635, 0.2495, 0.137695  
 901 , 33310.6770298 , 0.262675 , 0.25207, 0.27635, 0.2495, 0.137695  
 902 , 33340.0106609 , 0.260879 , 0.25207, 0.27635, 0.2495, 0.137695  
 903 , 33368.125541 , 0.263453 , 0.25207, 0.27635, 0.2495, 0.137695  
 904 , 33396.1622429 , 0.263059 , 0.25207, 0.27635, 0.2495, 0.137695  
 905 , 33466.5159309 , 0.267967 , 0.252193, 0.276409, 0.253691, 0.140299  
 906 , 33494.7042809 , 0.261486 , 0.252193, 0.276409, 0.253691, 0.140299  
 907 , 33523.8212459 , 0.259745 , 0.252193, 0.276409, 0.253691, 0.140299  
 908 , 33551.9173079 , 0.261507 , 0.252193, 0.276409, 0.253691, 0.140299  
 909 , 33579.9494448 , 0.259593 , 0.252193, 0.276409, 0.253691, 0.140299  
 910 , 33649.917511 , 0.263789 , 0.252271, 0.276441, 0.253624, 0.140625  
 911 , 33678.1165679 , 0.263567 , 0.252271, 0.276441, 0.253624, 0.140625  
 912 , 33707.5003879 , 0.263542 , 0.252271, 0.276441, 0.253624, 0.140625  
 913 , 33735.6558268 , 0.265189 , 0.252271, 0.276441, 0.253624, 0.140625  
 914 , 33768.5878398 , 0.260582 , 0.252271, 0.276441, 0.253624, 0.140625  
 915 , 33838.1486919 , 0.261621 , 0.252176, 0.276316, 0.249455, 0.139323  
 916 , 33866.2396109 , 0.260711 , 0.252176, 0.276316, 0.249455, 0.139323  
 917 , 33895.5221989 , 0.262088 , 0.252176, 0.276316, 0.249455, 0.139323  
 918 , 33923.5420089 , 0.259451 , 0.252176, 0.276316, 0.249455, 0.139323  
 919 , 33951.6384299 , 0.261971 , 0.252176, 0.276316, 0.249455, 0.139323  
 920 , 34021.0125358 , 0.264314 , 0.252061, 0.276398, 0.251635, 0.13737  
 921 , 34049.1007369 , 0.263182 , 0.252061, 0.276398, 0.251635, 0.13737  
 922 , 34078.2969608 , 0.260198 , 0.252061, 0.276398, 0.251635, 0.13737  
 923 , 34106.3573158 , 0.255919 , 0.252061, 0.276398, 0.251635, 0.13737  
 924 , 34134.5988109 , 0.262024 , 0.252061, 0.276398, 0.251635, 0.13737  
 925 , 34203.9829249 , 0.262258 , 0.251922, 0.276281, 0.25053, 0.135742  
 926 , 34232.0999498 , 0.265348 , 0.251922, 0.276281, 0.25053, 0.135742  
 927 , 34261.3799658 , 0.262782 , 0.251922, 0.276281, 0.25053, 0.135742  
 928 , 34289.4703579 , 0.263872 , 0.251922, 0.276281, 0.25053, 0.135742  
 929 , 34317.5638518 , 0.261839 , 0.251922, 0.276281, 0.25053, 0.135742  
 930 , 34390.6527848 , 0.261213 , 0.251851, 0.276329, 0.252798, 0.134766  
 931 , 34418.6795728 , 0.264511 , 0.251851, 0.276329, 0.252798, 0.134766  
 932 , 34447.890209 , 0.262277 , 0.251851, 0.276329, 0.252798, 0.134766  
 933 , 34476.1268559 , 0.259381 , 0.251851, 0.276329, 0.252798, 0.134766  
 934 , 34504.3061759 , 0.262167 , 0.251851, 0.276329, 0.252798, 0.134766  
 935 , 34573.5834529 , 0.265469 , 0.252162, 0.276499, 0.252982, 0.139648  
 936 , 34601.5428109 , 0.26525 , 0.252162, 0.276499, 0.252982, 0.139648  
 937 , 34630.5866089 , 0.259177 , 0.252162, 0.276499, 0.252982, 0.139648  
 938 , 34658.7116508 , 0.259922 , 0.252162, 0.276499, 0.252982, 0.139648  
 939 , 34686.7552629 , 0.26603 , 0.252162, 0.276499, 0.252982, 0.139648  
 940 , 34756.1472378 , 0.267167 , 0.251818, 0.276262, 0.254336, 0.135091  
 941 , 34784.1918228 , 0.262472 , 0.251818, 0.276262, 0.254336, 0.135091  
 942 , 34813.4703698 , 0.259423 , 0.251818, 0.276262, 0.254336, 0.135091  
 943 , 34841.523103 , 0.261462 , 0.251818, 0.276262, 0.254336, 0.135091  
 944 , 34869.5887058 , 0.263667 , 0.251818, 0.276262, 0.254336, 0.135091  
 945 , 34939.0903919 , 0.265147 , 0.252073, 0.276323, 0.253211, 0.138346  
 946 , 34967.1428888 , 0.264856 , 0.252073, 0.276323, 0.253211, 0.138346  
 947 , 34996.318306 , 0.259824 , 0.252073, 0.276323, 0.253211, 0.138346  
 948 , 35024.3677018 , 0.261992 , 0.252073, 0.276323, 0.253211, 0.138346  
 949 , 35052.4901378 , 0.259644 , 0.252073, 0.276323, 0.253211, 0.138346  
 950 , 35122.0308189 , 0.261092 , 0.252054, 0.276348, 0.249991, 0.138672  
 951 , 35150.1382618 , 0.261137 , 0.252054, 0.276348, 0.249991, 0.138672  
 952 , 35179.2912719 , 0.262182 , 0.252054, 0.276348, 0.249991, 0.138672  
 953 , 35207.3456109 , 0.260427 , 0.252054, 0.276348, 0.249991, 0.138672  
 954 , 35235.506259 , 0.259901 , 0.252054, 0.276348, 0.249991, 0.138672  
 955 , 35305.0381649 , 0.262061 , 0.25197, 0.276385, 0.250165, 0.137044  
 956 , 35332.948108 , 0.259128 , 0.25197, 0.276385, 0.250165, 0.137044  
 957 , 35362.1580479 , 0.262462 , 0.25197, 0.276385, 0.250165, 0.137044  
 958 , 35390.2376168 , 0.267519 , 0.25197, 0.276385, 0.250165, 0.137044  
 959 , 35418.1859758 , 0.259258 , 0.25197, 0.276385, 0.250165, 0.137044  
 960 , 35487.2088318 , 0.267704 , 0.252026, 0.276394, 0.251424, 0.138672  
 961 , 35515.2429888 , 0.25606 , 0.252026, 0.276394, 0.251424, 0.138672  
 962 , 35544.4850099 , 0.261439 , 0.252026, 0.276394, 0.251424, 0.138672  
 963 , 35572.4715629 , 0.259973 , 0.252026, 0.276394, 0.251424, 0.138672  
 964 , 35600.612541 , 0.263493 , 0.252026, 0.276394, 0.251424, 0.138672  
 965 , 35669.9780648 , 0.260346 , 0.252091, 0.276409, 0.251434, 0.138997  
 966 , 35698.094728 , 0.258508 , 0.252091, 0.276409, 0.251434, 0.138997  
 967 , 35727.2140729 , 0.260407 , 0.252091, 0.276409, 0.251434, 0.138997  
 968 , 35755.3385329 , 0.261278 , 0.252091, 0.276409, 0.251434, 0.138997  
 969 , 35783.3639958 , 0.264072 , 0.252091, 0.276409, 0.251434, 0.138997  
 970 , 35852.9582849 , 0.261286 , 0.251955, 0.276329, 0.248259, 0.136719  
 971 , 35881.0094948 , 0.261777 , 0.251955, 0.276329, 0.248259, 0.136719  
 972 , 35910.3690119 , 0.260708 , 0.251955, 0.276329, 0.248259, 0.136719  
 973 , 35938.54809 , 0.26442 , 0.251955, 0.276329, 0.248259, 0.136719  
 974 , 35966.6692238 , 0.26046 , 0.251955, 0.276329, 0.248259, 0.136719  
 975 , 36036.1437399 , 0.262406 , 0.251938, 0.276343, 0.252175, 0.135742  
 976 , 36064.2181449 , 0.265906 , 0.251938, 0.276343, 0.252175, 0.135742  
 977 , 36093.362191 , 0.264108 , 0.251938, 0.276343, 0.252175, 0.135742  
 978 , 36121.4888449 , 0.260457 , 0.251938, 0.276343, 0.252175, 0.135742  
 979 , 36149.6155908 , 0.262314 , 0.251938, 0.276343, 0.252175, 0.135742  
 980 , 36219.1921618 , 0.263549 , 0.251919, 0.276358, 0.251255, 0.135091  
 981 , 36247.3972328 , 0.263939 , 0.251919, 0.276358, 0.251255, 0.135091  
 982 , 36276.5776808 , 0.261329 , 0.251919, 0.276358, 0.251255, 0.135091  
 983 , 36304.7936978 , 0.264337 , 0.251919, 0.276358, 0.251255, 0.135091  
 984 , 36332.8351929 , 0.261053 , 0.251919, 0.276358, 0.251255, 0.135091  
 985 , 36402.2740338 , 0.260431 , 0.251912, 0.276288, 0.250987, 0.135742  
 986 , 36430.4252989 , 0.264462 , 0.251912, 0.276288, 0.250987, 0.135742  
 987 , 36459.639895 , 0.262823 , 0.251912, 0.276288, 0.250987, 0.135742  
 988 , 36487.8371639 , 0.258766 , 0.251912, 0.276288, 0.250987, 0.135742  
 989 , 36515.9246418 , 0.262767 , 0.251912, 0.276288, 0.250987, 0.135742  
 990 , 36585.389504 , 0.263202 , 0.252155, 0.276507, 0.249389, 0.138346  
 991 , 36613.5963509 , 0.265482 , 0.252155, 0.276507, 0.249389, 0.138346  
 992 , 36642.8999128 , 0.264029 , 0.252155, 0.276507, 0.249389, 0.138346  
 993 , 36671.0597239 , 0.263472 , 0.252155, 0.276507, 0.249389, 0.138346  
 994 , 36699.1182859 , 0.260802 , 0.252155, 0.276507, 0.249389, 0.138346  
 995 , 36768.5985088 , 0.259434 , 0.251826, 0.276283, 0.252334, 0.133789  
 996 , 36796.737983 , 0.258716 , 0.251826, 0.276283, 0.252334, 0.133789  
 997 , 36826.0212848 , 0.263127 , 0.251826, 0.276283, 0.252334, 0.133789  
 998 , 36854.211741 , 0.260695 , 0.251826, 0.276283, 0.252334, 0.133789  
 999 , 36882.3171549 , 0.26315 , 0.251826, 0.276283, 0.252334, 0.133789  
 1000 , 36950.4471879 , 0.262652 , 0.251802, 0.276312, 0.25131, 0.133464  
