#wRandFlip 
#The training is running for 300 chunks, each with 1008 images. That are about 5 epochs. The validation sample contains 3078 images. 
#round  ,time, mean_train_loss , mean_valid_loss 
#  starting learning rate to 0.010000 
 1 , 78.3884861469 , 0.351731 , 0.0 
 2 , 111.476856947 , 0.333917 , 0.0 
 3 , 144.517231941 , 0.33308 , 0.0 
 4 , 182.107180119 , 0.33153 , 0.0 
#Free GPU Mem after validation step 138.0625 MiB 
 5 , 282.700804949 , 0.333473 , 0.0 
 6 , 314.213006973 , 0.333374 , 0.0 
 7 , 345.636043072 , 0.332954 , 0.331953 
 8 , 377.015506029 , 0.331288 , 0.331953 
 9 , 408.443267107 , 0.333271 , 0.331953 
 10 , 493.805989981 , 0.33116 , 0.332065 
 11 , 525.28083396 , 0.333427 , 0.332065 
 12 , 556.693022966 , 0.331877 , 0.332065 
 13 , 588.104573965 , 0.333909 , 0.332065 
 14 , 619.446123123 , 0.333906 , 0.332065 
 15 , 704.549051046 , 0.332356 , 0.331954 
 16 , 736.020724058 , 0.3328 , 0.331954 
 17 , 767.394876003 , 0.331122 , 0.331954 
 18 , 798.78252697 , 0.332222 , 0.331954 
 19 , 833.422244072 , 0.332121 , 0.331954 
 20 , 922.198570967 , 0.33071 , 0.331918 
 21 , 953.57940197 , 0.332652 , 0.331918 
 22 , 985.043426037 , 0.333458 , 0.331918 
 23 , 1016.47081399 , 0.332465 , 0.331918 
 24 , 1047.83967304 , 0.333999 , 0.331918 
 25 , 1133.16343808 , 0.330676 , 0.332086 
 26 , 1164.61980414 , 0.334645 , 0.332086 
 27 , 1196.04929614 , 0.334794 , 0.332086 
 28 , 1227.43514204 , 0.332796 , 0.332086 
 29 , 1258.83750606 , 0.332814 , 0.332086 
 30 , 1344.72891212 , 0.333334 , 0.331993 
 31 , 1376.30311203 , 0.332008 , 0.331993 
 32 , 1407.87285113 , 0.332784 , 0.331993 
 33 , 1439.39124608 , 0.331807 , 0.331993 
 34 , 1470.8852551 , 0.334173 , 0.331993 
 35 , 1560.07364607 , 0.331958 , 0.331906 
 36 , 1591.19808316 , 0.329467 , 0.331906 
 37 , 1622.31599808 , 0.331258 , 0.331906 
 38 , 1653.48920012 , 0.3318 , 0.331906 
 39 , 1684.55373001 , 0.331036 , 0.331906 
 40 , 1768.65833807 , 0.333641 , 0.331999 
 41 , 1799.62858796 , 0.330808 , 0.331999 
 42 , 1830.67967415 , 0.333354 , 0.331999 
 43 , 1861.7678051 , 0.332186 , 0.331999 
 44 , 1892.78076196 , 0.330831 , 0.331999 
 45 , 1977.03011417 , 0.332232 , 0.331902 
 46 , 2008.07772017 , 0.329265 , 0.331902 
 47 , 2039.14950705 , 0.331544 , 0.331902 
 48 , 2070.13006902 , 0.331679 , 0.331902 
 49 , 2101.18383408 , 0.332347 , 0.331902 
 50 , 2185.37687802 , 0.332499 , 0.331891 
 51 , 2216.36723113 , 0.332067 , 0.331891 
 52 , 2247.42508817 , 0.332675 , 0.331891 
 53 , 2278.48844314 , 0.33316 , 0.331891 
 54 , 2309.45686412 , 0.331548 , 0.331891 
 55 , 2393.68822908 , 0.332376 , 0.33193 
 56 , 2424.79969406 , 0.334263 , 0.33193 
 57 , 2455.9239831 , 0.332179 , 0.33193 
 58 , 2486.93490815 , 0.329575 , 0.33193 
 59 , 2518.07573795 , 0.333268 , 0.33193 
 60 , 2602.19333601 , 0.332343 , 0.332096 
 61 , 2633.25889206 , 0.333442 , 0.332096 
 62 , 2664.25983715 , 0.332323 , 0.332096 
 63 , 2695.27736807 , 0.331558 , 0.332096 
 64 , 2726.34055495 , 0.331289 , 0.332096 
 65 , 2810.74884605 , 0.332248 , 0.331972 
 66 , 2841.81288004 , 0.332471 , 0.331972 
 67 , 2872.9428091 , 0.329372 , 0.331972 
 68 , 2904.08475494 , 0.332347 , 0.331972 
 69 , 2935.17562795 , 0.331155 , 0.331972 
 70 , 3021.1168561 , 0.331647 , 0.332028 
 71 , 3054.70576215 , 0.331314 , 0.332028 
 72 , 3085.68973303 , 0.329853 , 0.332028 
 73 , 3116.68722796 , 0.332667 , 0.332028 
 74 , 3147.77023602 , 0.331535 , 0.332028 
 75 , 3231.84101701 , 0.329117 , 0.331923 
 76 , 3262.78484607 , 0.334506 , 0.331923 
 77 , 3293.80519414 , 0.33095 , 0.331923 
 78 , 3324.85898399 , 0.331265 , 0.331923 
 79 , 3355.89717197 , 0.332886 , 0.331923 
 80 , 3439.99284005 , 0.332001 , 0.33189 
 81 , 3470.95426106 , 0.331483 , 0.33189 
 82 , 3501.93061709 , 0.33039 , 0.33189 
 83 , 3532.95946598 , 0.331044 , 0.33189 
 84 , 3563.93554306 , 0.330841 , 0.33189 
 85 , 3648.15475297 , 0.331887 , 0.332025 
 86 , 3679.23037696 , 0.332912 , 0.332025 
 87 , 3710.28501797 , 0.332155 , 0.332025 
 88 , 3741.27882504 , 0.331694 , 0.332025 
 89 , 3772.33654213 , 0.332924 , 0.332025 
 90 , 3856.37881517 , 0.333047 , 0.33196 
 91 , 3887.49463105 , 0.333652 , 0.33196 
 92 , 3918.501724 , 0.331742 , 0.33196 
 93 , 3949.56375003 , 0.331712 , 0.33196 
 94 , 3980.73794508 , 0.332611 , 0.33196 
 95 , 4065.06599617 , 0.331979 , 0.331876 
 96 , 4096.14793301 , 0.33451 , 0.331876 
 97 , 4127.14263105 , 0.331757 , 0.331876 
 98 , 4158.1639781 , 0.334257 , 0.331876 
 99 , 4189.18228507 , 0.329939 , 0.331876 
 100 , 4273.42216396 , 0.332026 , 0.331867 
 101 , 4304.65837002 , 0.332976 , 0.331867 
 102 , 4335.77285314 , 0.331119 , 0.331867 
 103 , 4366.81339502 , 0.329994 , 0.331867 
 104 , 4397.71107197 , 0.333447 , 0.331867 
 105 , 4481.88827395 , 0.332519 , 0.331888 
 106 , 4512.87378216 , 0.332349 , 0.331888 
 107 , 4543.87690902 , 0.331377 , 0.331888 
 108 , 4574.97385502 , 0.333145 , 0.331888 
 109 , 4606.03384709 , 0.333538 , 0.331888 
 110 , 4690.30707407 , 0.333614 , 0.33186 
 111 , 4721.31551909 , 0.334253 , 0.33186 
 112 , 4752.190804 , 0.32961 , 0.33186 
 113 , 4783.15451407 , 0.331744 , 0.33186 
 114 , 4814.14569712 , 0.332178 , 0.33186 
 115 , 4898.77127695 , 0.332477 , 0.331885 
 116 , 4929.83043694 , 0.332186 , 0.331885 
 117 , 4960.77052498 , 0.331878 , 0.331885 
 118 , 4991.75278211 , 0.330818 , 0.331885 
 119 , 5022.72328401 , 0.333861 , 0.331885 
 120 , 5106.73554015 , 0.331535 , 0.332032 
 121 , 5137.83738208 , 0.332313 , 0.332032 
 122 , 5168.80098796 , 0.332894 , 0.332032 
 123 , 5199.83252001 , 0.331273 , 0.332032 
 124 , 5230.87395096 , 0.331216 , 0.332032 
 125 , 5315.09914994 , 0.330976 , 0.331861 
 126 , 5346.09426117 , 0.330048 , 0.331861 
 127 , 5377.10960913 , 0.331075 , 0.331861 
 128 , 5408.08917999 , 0.335315 , 0.331861 
 129 , 5439.093822 , 0.332862 , 0.331861 
 130 , 5523.47859716 , 0.332641 , 0.33188 
 131 , 5554.66603804 , 0.332722 , 0.33188 
 132 , 5585.77375698 , 0.334384 , 0.33188 
 133 , 5616.86321115 , 0.331106 , 0.33188 
 134 , 5647.94929314 , 0.333227 , 0.33188 
 135 , 5732.24953508 , 0.332167 , 0.331871 
 136 , 5763.3489821 , 0.332621 , 0.331871 
 137 , 5799.31316805 , 0.331641 , 0.331871 
 138 , 5830.27578712 , 0.330145 , 0.331871 
 139 , 5861.29876399 , 0.330733 , 0.331871 
 140 , 5945.58317709 , 0.330965 , 0.331918 
 141 , 5976.67297006 , 0.331053 , 0.331918 
 142 , 6007.73447204 , 0.33413 , 0.331918 
 143 , 6038.72358298 , 0.332538 , 0.331918 
 144 , 6069.718714 , 0.331926 , 0.331918 
 145 , 6154.12600994 , 0.33278 , 0.331842 
 146 , 6185.27010703 , 0.3322 , 0.331842 
 147 , 6216.22715807 , 0.332581 , 0.331842 
 148 , 6247.24625802 , 0.331852 , 0.331842 
 149 , 6278.25820708 , 0.330415 , 0.331842 
 150 , 6362.632236 , 0.332956 , 0.331875 
 151 , 6393.61848712 , 0.331514 , 0.331875 
 152 , 6424.59460306 , 0.334968 , 0.331875 
 153 , 6455.56593895 , 0.332103 , 0.331875 
 154 , 6486.54905605 , 0.331593 , 0.331875 
 155 , 6570.7958281 , 0.332315 , 0.331853 
 156 , 6601.83338904 , 0.330561 , 0.331853 
 157 , 6632.85447717 , 0.334296 , 0.331853 
 158 , 6663.85382605 , 0.331813 , 0.331853 
 159 , 6694.84345007 , 0.330856 , 0.331853 
 160 , 6779.07547212 , 0.333219 , 0.331786 
 161 , 6810.09131598 , 0.334083 , 0.331786 
 162 , 6841.15387201 , 0.330398 , 0.331786 
 163 , 6872.204247 , 0.331741 , 0.331786 
 164 , 6903.25698614 , 0.332019 , 0.331786 
 165 , 6987.34415317 , 0.331276 , 0.331759 
 166 , 7018.33039808 , 0.333235 , 0.331759 
 167 , 7049.36777806 , 0.329644 , 0.331759 
 168 , 7080.42172217 , 0.333312 , 0.331759 
 169 , 7111.46394205 , 0.331786 , 0.331759 
 170 , 7195.65453005 , 0.332006 , 0.331629 
 171 , 7226.610425 , 0.3342 , 0.331629 
 172 , 7257.70478201 , 0.332438 , 0.331629 
 173 , 7288.86157513 , 0.331546 , 0.331629 
 174 , 7319.95396614 , 0.329829 , 0.331629 
 175 , 7404.13775396 , 0.329408 , 0.331532 
 176 , 7435.15230417 , 0.329925 , 0.331532 
 177 , 7466.21316814 , 0.330663 , 0.331532 
 178 , 7497.29479218 , 0.332524 , 0.331532 
 179 , 7528.36999416 , 0.333717 , 0.331532 
 180 , 7612.68990207 , 0.330371 , 0.330912 
 181 , 7643.63281298 , 0.327786 , 0.330912 
 182 , 7674.673177 , 0.330047 , 0.330912 
 183 , 7705.69539213 , 0.33156 , 0.330912 
 184 , 7737.13293314 , 0.331135 , 0.330912 
 185 , 7821.6534071 , 0.329973 , 0.329385 
 186 , 7852.77314806 , 0.333 , 0.329385 
 187 , 7883.86114216 , 0.327914 , 0.329385 
 188 , 7915.06329894 , 0.328078 , 0.329385 
 189 , 7946.65794396 , 0.324473 , 0.329385 
 190 , 8030.96849513 , 0.328948 , 0.325264 
 191 , 8066.573915 , 0.325395 , 0.325264 
 192 , 8097.67879605 , 0.324946 , 0.325264 
 193 , 8128.70001006 , 0.324117 , 0.325264 
 194 , 8159.73264694 , 0.324368 , 0.325264 
 195 , 8244.19456506 , 0.325289 , 0.324573 
 196 , 8275.261374 , 0.323459 , 0.324573 
 197 , 8306.44068098 , 0.324281 , 0.324573 
 198 , 8337.51698995 , 0.325156 , 0.324573 
 199 , 8368.73181009 , 0.323603 , 0.324573 
 200 , 8453.14581299 , 0.32365 , 0.321416 
 201 , 8484.28366303 , 0.325957 , 0.321416 
 202 , 8520.31079912 , 0.324189 , 0.321416 
 203 , 8551.32710314 , 0.320072 , 0.321416 
 204 , 8582.36343598 , 0.322177 , 0.321416 
 205 , 8666.5511291 , 0.322183 , 0.320618 
 206 , 8697.51851797 , 0.320438 , 0.320618 
 207 , 8728.4827621 , 0.318661 , 0.320618 
 208 , 8759.37846112 , 0.322864 , 0.320618 
 209 , 8790.39202499 , 0.324567 , 0.320618 
 210 , 8874.6410141 , 0.322966 , 0.319711 
 211 , 8905.67583013 , 0.324149 , 0.319711 
 212 , 8936.78975105 , 0.320363 , 0.319711 
 213 , 8967.770926 , 0.320219 , 0.319711 
 214 , 8998.74784613 , 0.320473 , 0.319711 
 215 , 9083.00700998 , 0.318672 , 0.318562 
 216 , 9114.10473609 , 0.31805 , 0.318562 
 217 , 9145.12213612 , 0.318713 , 0.318562 
 218 , 9176.15436411 , 0.317104 , 0.318562 
 219 , 9207.17663002 , 0.318312 , 0.318562 
 220 , 9291.43199897 , 0.320516 , 0.318565 
 221 , 9322.38468909 , 0.317986 , 0.318565 
 222 , 9353.40923095 , 0.320738 , 0.318565 
 223 , 9384.39284015 , 0.320017 , 0.318565 
 224 , 9415.43324709 , 0.318958 , 0.318565 
 225 , 9499.66035604 , 0.317782 , 0.319417 
 226 , 9530.76135015 , 0.319655 , 0.319417 
 227 , 9561.82825899 , 0.319581 , 0.319417 
 228 , 9592.85852313 , 0.317093 , 0.319417 
 229 , 9623.97111702 , 0.318527 , 0.319417 
 230 , 9708.30668116 , 0.318537 , 0.317773 
 231 , 9739.460639 , 0.317499 , 0.317773 
 232 , 9770.53012896 , 0.317403 , 0.317773 
 233 , 9801.69970298 , 0.318321 , 0.317773 
 234 , 9832.70072198 , 0.319851 , 0.317773 
 235 , 9916.90264106 , 0.318098 , 0.317374 
 236 , 9948.02202201 , 0.315557 , 0.317374 
 237 , 9979.14225507 , 0.318902 , 0.317374 
 238 , 10010.1935871 , 0.322813 , 0.317374 
 239 , 10041.3023021 , 0.320351 , 0.317374 
 240 , 10125.476984 , 0.319033 , 0.316039 
 241 , 10156.540031 , 0.316126 , 0.316039 
 242 , 10187.647454 , 0.321934 , 0.316039 
 243 , 10218.6601732 , 0.318812 , 0.316039 
 244 , 10249.651705 , 0.319052 , 0.316039 
 245 , 10333.760381 , 0.311656 , 0.315345 
 246 , 10364.818645 , 0.319287 , 0.315345 
 247 , 10395.858006 , 0.316215 , 0.315345 
 248 , 10426.9190321 , 0.317865 , 0.315345 
 249 , 10458.0827041 , 0.318109 , 0.315345 
 250 , 10542.376122 , 0.319104 , 0.318449 
 251 , 10573.5620551 , 0.317414 , 0.318449 
 252 , 10604.6140141 , 0.315878 , 0.318449 
 253 , 10635.6411421 , 0.31765 , 0.318449 
 254 , 10666.6816211 , 0.31777 , 0.318449 
 255 , 10751.1142001 , 0.318663 , 0.316392 
 256 , 10782.0721011 , 0.316813 , 0.316392 
 257 , 10813.1200061 , 0.316917 , 0.316392 
 258 , 10844.2473161 , 0.315583 , 0.316392 
 259 , 10875.3394601 , 0.316195 , 0.316392 
 260 , 10959.485888 , 0.318036 , 0.314511 
 261 , 10990.6019361 , 0.314463 , 0.314511 
 262 , 11021.7681432 , 0.314983 , 0.314511 
 263 , 11052.864048 , 0.316696 , 0.314511 
 264 , 11084.018924 , 0.316691 , 0.314511 
 265 , 11168.2732611 , 0.318092 , 0.314723 
 266 , 11199.380677 , 0.31632 , 0.314723 
 267 , 11230.3699961 , 0.317376 , 0.314723 
 268 , 11261.397064 , 0.320188 , 0.314723 
 269 , 11292.5535531 , 0.314676 , 0.314723 
 270 , 11376.7465482 , 0.314413 , 0.313903 
 271 , 11407.760504 , 0.316604 , 0.313903 
 272 , 11438.8844991 , 0.317791 , 0.313903 
 273 , 11470.043355 , 0.313635 , 0.313903 
 274 , 11501.1367412 , 0.316346 , 0.313903 
 275 , 11585.5088711 , 0.317031 , 0.314121 
 276 , 11616.518115 , 0.315705 , 0.314121 
 277 , 11647.565917 , 0.315642 , 0.314121 
 278 , 11678.6967971 , 0.31577 , 0.314121 
 279 , 11709.756454 , 0.316064 , 0.314121 
 280 , 11794.2359321 , 0.31472 , 0.31525 
 281 , 11825.393069 , 0.315776 , 0.31525 
 282 , 11856.51882 , 0.315664 , 0.31525 
 283 , 11887.6210351 , 0.315178 , 0.31525 
 284 , 11918.642169 , 0.316247 , 0.31525 
 285 , 12003.0490491 , 0.315223 , 0.315709 
 286 , 12034.145941 , 0.314116 , 0.315709 
 287 , 12065.2641141 , 0.315208 , 0.315709 
 288 , 12100.8189611 , 0.313182 , 0.315709 
 289 , 12131.8589051 , 0.312269 , 0.315709 
 290 , 12216.0381031 , 0.313895 , 0.312288 
 291 , 12247.0975471 , 0.314538 , 0.312288 
 292 , 12278.080683 , 0.316821 , 0.312288 
 293 , 12309.146518 , 0.315312 , 0.312288 
 294 , 12340.104248 , 0.315293 , 0.312288 
 295 , 12424.477073 , 0.312629 , 0.312467 
 296 , 12455.4389172 , 0.315757 , 0.312467 
 297 , 12486.541343 , 0.310796 , 0.312467 
 298 , 12517.5507531 , 0.315828 , 0.312467 
 299 , 12548.6429121 , 0.313424 , 0.312467 
 300 , 12632.2478402 , 0.30989 , 0.311633 
