  #wRandFlip 
#The training is running for 20 chunks, each with 1008 images. That are about 0 epochs. The validation sample contains 3078 images. 
#round  ,time, mean_train_loss , mean_valid_loss 
  #wRandFlip 
#The training is running for 20 chunks, each with 1008 images. That are about 0 epochs. The validation sample contains 3078 images. 
#round  ,time, mean_train_loss , mean_valid_loss 
  #wRandFlip 
#The training is running for 20 chunks, each with 1008 images. That are about 0 epochs. The validation sample contains 3078 images. 
#round  ,time, mean_train_loss , mean_valid_loss 
#  starting learning rate to 0.080000 
 1 , 50.9156239033 , 0.175352 , 0.0 
 2 , 85.9646060467 , 0.165307 , 0.0 
 3 , 119.533633947 , 0.1638 , 0.0 
 4 , 152.638386965 , 0.162703 , 0.0 
 5 , 185.201407909 , 0.163825 , 0.0 
 6 , 217.706685066 , 0.166063 , 0.0 
 7 , 250.197099924 , 0.164645 , 0.0 
 8 , 282.743726015 , 0.163952 , 0.0 
 9 , 315.264049053 , 0.163255 , 0.0 
 10 , 347.769603968 , 0.164596 , 0.0 
 11 , 380.390604019 , 0.165106 , 0.0 
 12 , 412.987672091 , 0.164213 , 0.0 
 13 , 450.21330905 , 0.163338 , 0.0 
 14 , 482.246929884 , 0.164168 , 0.0 
 15 , 514.772614002 , 0.165311 , 0.0 
 16 , 547.342496872 , 0.162547 , 0.0 
 17 , 579.820637941 , 0.165608 , 0.0 
 18 , 612.460108995 , 0.16724 , 0.0 
 19 , 644.938126087 , 0.163491 , 0.0 
#Free GPU Mem after validation step 382.9375 MiB 
 20 , 732.158698082 , 0.161037 , 0.0 
  #wRandFlip 
#The training is running for 1000 chunks, each with 1008 images. That are about 17 epochs. The validation sample contains 3078 images. 
#round  ,time, mean_train_loss , mean_valid_loss 
  #wRandFlip 
#The training is running for 1000 chunks, each with 1008 images. That are about 17 epochs. The validation sample contains 3078 images. 
#round  ,time, mean_train_loss , mean_valid_loss 
#continuing from analysis/final/try_convent_continueAt0p02.pkl  #wRandFlip 
#The training is running for 1000 chunks, each with 1008 images. That are about 17 epochs. The validation sample contains 3078 images. 
#round  ,time, mean_train_loss , mean_valid_loss 
#  starting learning rate to 0.020000 
 1 , 70.313174963 , 0.085315 , 0.0 
 2 , 102.867380857 , 0.0852922 , 0.0 
 3 , 135.449385881 , 0.0847299 , 0.0 
 4 , 167.958415985 , 0.0838462 , 0.0 
 5 , 204.588762999 , 0.0854405 , 0.0 
 6 , 235.872982979 , 0.0856535 , 0.0 
 7 , 267.348574877 , 0.0852708 , 0.0 
 8 , 298.620674849 , 0.0842187 , 0.0 
 9 , 329.958112955 , 0.0842172 , 0.0 
 10 , 361.338087797 , 0.0861063 , 0.0 
 11 , 392.839332819 , 0.087155 , 0.0 
 12 , 424.153064013 , 0.0878793 , 0.0 
 13 , 455.585073948 , 0.0853058 , 0.0 
 14 , 486.981334925 , 0.0860516 , 0.0 
 15 , 518.321133852 , 0.0836668 , 0.0 
 16 , 549.634027004 , 0.0876792 , 0.0 
 17 , 580.983518839 , 0.0871226 , 0.0 
 18 , 612.41008997 , 0.0834824 , 0.0 
 19 , 643.78793788 , 0.0847423 , 0.0 
#Free GPU Mem after validation step 240.3125 MiB 
 20 , 729.332273006 , 0.0839312 , 0.0 
 21 , 760.802785873 , 0.0854337 , 0.0 
 22 , 792.078732014 , 0.0857605 , 0.0825665 
 23 , 823.377771854 , 0.0856329 , 0.0825665 
 24 , 854.741534948 , 0.0871746 , 0.0825665 
 25 , 886.221633911 , 0.0844943 , 0.0825665 
 26 , 917.647699833 , 0.0849741 , 0.0825665 
 27 , 949.105227947 , 0.0867026 , 0.0825665 
 28 , 980.464994907 , 0.0855321 , 0.0825665 
 29 , 1011.85497379 , 0.0867592 , 0.0825665 
 30 , 1043.33359194 , 0.0856963 , 0.0825665 
 31 , 1074.81701398 , 0.0853648 , 0.0825665 
 32 , 1106.21633792 , 0.0870012 , 0.0825665 
 33 , 1137.61216688 , 0.086267 , 0.0825665 
 34 , 1169.03542185 , 0.084865 , 0.0825665 
 35 , 1200.49972701 , 0.0860271 , 0.0825665 
 36 , 1231.89010096 , 0.0865634 , 0.0825665 
 37 , 1263.35618782 , 0.0855337 , 0.0825665 
 38 , 1294.69656396 , 0.0851368 , 0.0825665 
 39 , 1326.09750295 , 0.0832975 , 0.0825665 
 40 , 1411.17215586 , 0.0845399 , 0.082119 
 41 , 1442.62877893 , 0.0858777 , 0.082119 
 42 , 1473.98650193 , 0.0864228 , 0.082119 
 43 , 1505.26008797 , 0.0851701 , 0.082119 
 44 , 1536.64100599 , 0.0849918 , 0.082119 
 45 , 1568.05813479 , 0.0853941 , 0.082119 
 46 , 1599.37164593 , 0.0845827 , 0.082119 
 47 , 1630.68869996 , 0.0844995 , 0.082119 
 48 , 1662.07307196 , 0.085512 , 0.082119 
 49 , 1693.55277181 , 0.0851533 , 0.082119 
 50 , 1724.9828639 , 0.0854531 , 0.082119 
 51 , 1756.42676497 , 0.0858752 , 0.082119 
 52 , 1787.74371481 , 0.085024 , 0.082119 
 53 , 1819.07946587 , 0.0858989 , 0.082119 
 54 , 1850.35788894 , 0.0847949 , 0.082119 
 55 , 1881.64213181 , 0.0838959 , 0.082119 
 56 , 1913.05397892 , 0.0848273 , 0.082119 
 57 , 1944.52266383 , 0.0852338 , 0.082119 
 58 , 1976.04511881 , 0.0845296 , 0.082119 
 59 , 2007.39453602 , 0.0864294 , 0.082119 
 60 , 2092.53326082 , 0.0868239 , 0.0823825 
 61 , 2124.05344796 , 0.0839747 , 0.0823825 
 62 , 2155.7204299 , 0.0850924 , 0.0823825 
 63 , 2187.22688198 , 0.0863923 , 0.0823825 
 64 , 2218.54517984 , 0.0847035 , 0.0823825 
 65 , 2249.85659194 , 0.0861555 , 0.0823825 
 66 , 2281.20907998 , 0.0839475 , 0.0823825 
 67 , 2312.59196687 , 0.0842272 , 0.0823825 
 68 , 2343.88496399 , 0.0859753 , 0.0823825 
 69 , 2375.21799898 , 0.0876415 , 0.0823825 
 70 , 2406.59105396 , 0.0853494 , 0.0823825 
 71 , 2438.00022388 , 0.083385 , 0.0823825 
 72 , 2469.40054202 , 0.0870714 , 0.0823825 
 73 , 2500.78158188 , 0.0852895 , 0.0823825 
 74 , 2532.20286584 , 0.0837828 , 0.0823825 
 75 , 2563.69013286 , 0.0830656 , 0.0823825 
 76 , 2595.01801801 , 0.0851901 , 0.0823825 
 77 , 2626.41159797 , 0.0848463 , 0.0823825 
 78 , 2657.85464883 , 0.0835365 , 0.0823825 
 79 , 2689.16779089 , 0.0881368 , 0.0823825 
 80 , 2774.05773497 , 0.0835903 , 0.0821913 
 81 , 2805.44431186 , 0.0831913 , 0.0821913 
 82 , 2836.84036183 , 0.085718 , 0.0821913 
 83 , 2868.30175686 , 0.0844676 , 0.0821913 
 84 , 2899.5974369 , 0.0838282 , 0.0821913 
 85 , 2931.09310079 , 0.0849441 , 0.0821913 
 86 , 2962.48473001 , 0.0851618 , 0.0821913 
 87 , 2993.85513091 , 0.0865132 , 0.0821913 
 88 , 3025.35079384 , 0.0846663 , 0.0821913 
 89 , 3056.79869199 , 0.0849992 , 0.0821913 
 90 , 3088.23457193 , 0.083932 , 0.0821913 
 91 , 3119.60847783 , 0.0842376 , 0.0821913 
 92 , 3151.086375 , 0.0863076 , 0.0821913 
 93 , 3182.4718709 , 0.0861698 , 0.0821913 
 94 , 3213.94204998 , 0.0848182 , 0.0821913 
 95 , 3245.59979486 , 0.0857216 , 0.0821913 
 96 , 3277.07569695 , 0.0843991 , 0.0821913 
 97 , 3308.44190383 , 0.0851077 , 0.0821913 
 98 , 3339.78269696 , 0.0849525 , 0.0821913 
 99 , 3371.13444185 , 0.082293 , 0.0821913 
 100 , 3456.35377598 , 0.0844759 , 0.0824655 
 101 , 3487.86157894 , 0.0842187 , 0.0824655 
 102 , 3519.27964282 , 0.0846448 , 0.0824655 
 103 , 3550.5593338 , 0.0851195 , 0.0824655 
 104 , 3581.79811883 , 0.0846568 , 0.0824655 
 105 , 3613.19874501 , 0.0841751 , 0.0824655 
 106 , 3644.67168689 , 0.0842099 , 0.0824655 
 107 , 3676.08525491 , 0.0849999 , 0.0824655 
 108 , 3707.47465086 , 0.0852955 , 0.0824655 
 109 , 3738.86364889 , 0.0855403 , 0.0824655 
 110 , 3770.08998084 , 0.0846745 , 0.0824655 
 111 , 3801.50373292 , 0.0875237 , 0.0824655 
 112 , 3832.90545583 , 0.0873517 , 0.0824655 
 113 , 3864.36140084 , 0.0837149 , 0.0824655 
 114 , 3895.77238083 , 0.0842841 , 0.0824655 
 115 , 3927.18613887 , 0.0846468 , 0.0824655 
 116 , 3958.79012585 , 0.0837778 , 0.0824655 
 117 , 3990.33130002 , 0.0849565 , 0.0824655 
 118 , 4021.60748792 , 0.0849539 , 0.0824655 
 119 , 4052.91866398 , 0.0843231 , 0.0824655 
 120 , 4137.80743098 , 0.085529 , 0.0820447 
 121 , 4169.23860502 , 0.0869926 , 0.0820447 
 122 , 4200.53616881 , 0.0860449 , 0.0820447 
 123 , 4231.95548892 , 0.0851757 , 0.0820447 
 124 , 4263.35597396 , 0.0858232 , 0.0820447 
 125 , 4294.58701181 , 0.0841996 , 0.0820447 
 126 , 4326.05295801 , 0.0851756 , 0.0820447 
 127 , 4357.55458188 , 0.082967 , 0.0820447 
 128 , 4389.004632 , 0.0869347 , 0.0820447 
 129 , 4420.42163396 , 0.0855001 , 0.0820447 
 130 , 4451.80976081 , 0.0862021 , 0.0820447 
 131 , 4483.15878487 , 0.084639 , 0.0820447 
 132 , 4514.5734489 , 0.0835465 , 0.0820447 
 133 , 4546.05086398 , 0.0876482 , 0.0820447 
 134 , 4577.39646602 , 0.0857856 , 0.0820447 
 135 , 4608.85151196 , 0.0836681 , 0.0820447 
 136 , 4640.37112379 , 0.0838095 , 0.0820447 
 137 , 4671.82518196 , 0.0857937 , 0.0820447 
 138 , 4703.26197195 , 0.0862077 , 0.0820447 
 139 , 4734.61093998 , 0.0831042 , 0.0820447 
 140 , 4819.77337599 , 0.0839931 , 0.0821391 
 141 , 4851.25050998 , 0.0854123 , 0.0821391 
 142 , 4882.7313869 , 0.0870921 , 0.0821391 
 143 , 4914.21825695 , 0.0868735 , 0.0821391 
 144 , 4945.73249102 , 0.0839132 , 0.0821391 
 145 , 4977.18290496 , 0.0862888 , 0.0821391 
 146 , 5008.74354482 , 0.0844194 , 0.0821391 
 147 , 5040.18807483 , 0.0844108 , 0.0821391 
 148 , 5071.67463684 , 0.0857836 , 0.0821391 
 149 , 5103.18545985 , 0.0846754 , 0.0821391 
 150 , 5134.62713099 , 0.0847486 , 0.0821391 
 151 , 5166.03371501 , 0.0870541 , 0.0821391 
 152 , 5197.53814697 , 0.0852942 , 0.0821391 
 153 , 5229.11165285 , 0.0852038 , 0.0821391 
 154 , 5260.57738686 , 0.0836963 , 0.0821391 
 155 , 5292.05604291 , 0.0845511 , 0.0821391 
 156 , 5323.56682682 , 0.0856779 , 0.0821391 
 157 , 5355.04316497 , 0.0844706 , 0.0821391 
 158 , 5386.53905988 , 0.0821566 , 0.0821391 
 159 , 5417.99994993 , 0.0864728 , 0.0821391 
 160 , 5503.08297181 , 0.0858985 , 0.0820787 
 161 , 5534.51732492 , 0.0860762 , 0.0820787 
 162 , 5565.95952892 , 0.0824608 , 0.0820787 
 163 , 5597.41324496 , 0.0853862 , 0.0820787 
 164 , 5629.18102384 , 0.0847757 , 0.0820787 
 165 , 5660.56528783 , 0.0850157 , 0.0820787 
 166 , 5691.94389486 , 0.0862961 , 0.0820787 
 167 , 5723.52426481 , 0.0852522 , 0.0820787 
 168 , 5754.90811896 , 0.0879922 , 0.0820787 
 169 , 5786.18495679 , 0.0836769 , 0.0820787 
 170 , 5817.46288586 , 0.0869245 , 0.0820787 
 171 , 5848.90827489 , 0.0851776 , 0.0820787 
 172 , 5880.23122787 , 0.0846634 , 0.0820787 
 173 , 5911.57686186 , 0.0857539 , 0.0820787 
 174 , 5942.99336886 , 0.0845329 , 0.0820787 
 175 , 5974.47534585 , 0.0850778 , 0.0820787 
 176 , 6005.86661196 , 0.0860319 , 0.0820787 
 177 , 6037.31058788 , 0.086044 , 0.0820787 
 178 , 6068.75202584 , 0.0847824 , 0.0820787 
 179 , 6100.31067681 , 0.0836448 , 0.0820787 
 180 , 6185.29728484 , 0.0866771 , 0.0818795 
 181 , 6216.70499301 , 0.0861848 , 0.0818795 
 182 , 6248.17245197 , 0.0868075 , 0.0818795 
 183 , 6279.71273088 , 0.0863978 , 0.0818795 
 184 , 6311.15107083 , 0.0831845 , 0.0818795 
 185 , 6342.65162396 , 0.0848104 , 0.0818795 
 186 , 6374.06428885 , 0.0854383 , 0.0818795 
 187 , 6405.62484384 , 0.085603 , 0.0818795 
 188 , 6437.09295797 , 0.0836922 , 0.0818795 
 189 , 6468.5775969 , 0.0843049 , 0.0818795 
 190 , 6499.94942594 , 0.0851741 , 0.0818795 
 191 , 6531.41847086 , 0.0846857 , 0.0818795 
 192 , 6562.89007401 , 0.0863224 , 0.0818795 
 193 , 6594.33180785 , 0.0833326 , 0.0818795 
 194 , 6625.77879596 , 0.0860437 , 0.0818795 
 195 , 6657.27845597 , 0.0853316 , 0.0818795 
 196 , 6688.67916584 , 0.0863834 , 0.0818795 
 197 , 6720.14341402 , 0.0843161 , 0.0818795 
 198 , 6751.7508378 , 0.0850795 , 0.0818795 
 199 , 6783.31296682 , 0.0857067 , 0.0818795 
 200 , 6868.41773486 , 0.0862646 , 0.0825972 
 201 , 6899.88555098 , 0.0852916 , 0.0825972 
 202 , 6931.39278197 , 0.082501 , 0.0825972 
 203 , 6962.92424202 , 0.0856581 , 0.0825972 
 204 , 6994.32060695 , 0.0846178 , 0.0825972 
 205 , 7025.78802085 , 0.0844533 , 0.0825972 
 206 , 7057.33338499 , 0.0841075 , 0.0825972 
 207 , 7088.6516068 , 0.0879186 , 0.0825972 
 208 , 7120.14158988 , 0.0825763 , 0.0825972 
 209 , 7151.59044099 , 0.0855944 , 0.0825972 
 210 , 7183.26147985 , 0.0848999 , 0.0825972 
 211 , 7214.78073788 , 0.0858617 , 0.0825972 
 212 , 7246.32120299 , 0.0833971 , 0.0825972 
 213 , 7277.84105492 , 0.0853031 , 0.0825972 
 214 , 7309.22079682 , 0.0848177 , 0.0825972 
 215 , 7340.66464782 , 0.0851365 , 0.0825972 
 216 , 7372.18209696 , 0.0848873 , 0.0825972 
 217 , 7403.64220595 , 0.0840358 , 0.0825972 
 218 , 7435.18444085 , 0.0859518 , 0.0825972 
 219 , 7466.77197981 , 0.0866257 , 0.0825972 
 220 , 7552.02806687 , 0.0831924 , 0.0822942 
 221 , 7583.88428497 , 0.0859799 , 0.0822942 
 222 , 7615.17085981 , 0.0820247 , 0.0822942 
 223 , 7646.49931598 , 0.0843976 , 0.0822942 
 224 , 7677.755301 , 0.0840949 , 0.0822942 
 225 , 7709.14374185 , 0.0845453 , 0.0822942 
 226 , 7740.5320828 , 0.0850325 , 0.0822942 
 227 , 7771.99582791 , 0.0859378 , 0.0822942 
 228 , 7803.28185487 , 0.0841414 , 0.0822942 
 229 , 7834.72158194 , 0.0851163 , 0.0822942 
 230 , 7866.03859091 , 0.0846087 , 0.0822942 
 231 , 7897.52309299 , 0.0848913 , 0.0822942 
 232 , 7928.99587798 , 0.0845973 , 0.0822942 
 233 , 7960.50124502 , 0.0856031 , 0.0822942 
 234 , 7991.87447286 , 0.0841357 , 0.0822942 
 235 , 8023.28992891 , 0.0864328 , 0.0822942 
 236 , 8054.7443769 , 0.0830413 , 0.0822942 
 237 , 8086.26636195 , 0.0849578 , 0.0822942 
 238 , 8117.73367786 , 0.0835851 , 0.0822942 
 239 , 8149.04894996 , 0.0863696 , 0.0822942 
 240 , 8234.14503098 , 0.0867644 , 0.0823369 
 241 , 8265.64291096 , 0.0858696 , 0.0823369 
 242 , 8297.16138792 , 0.0842349 , 0.0823369 
 243 , 8328.63636994 , 0.0853779 , 0.0823369 
 244 , 8360.16290283 , 0.0858117 , 0.0823369 
 245 , 8392.14674592 , 0.0859104 , 0.0823369 
 246 , 8423.55841398 , 0.0849983 , 0.0823369 
 247 , 8455.06205893 , 0.0845971 , 0.0823369 
 248 , 8486.46384192 , 0.0845184 , 0.0823369 
 249 , 8517.9343338 , 0.0836126 , 0.0823369 
 250 , 8549.5065558 , 0.0855654 , 0.0823369 
 251 , 8580.92189002 , 0.0836473 , 0.0823369 
 252 , 8612.44919896 , 0.0868108 , 0.0823369 
 253 , 8643.91399193 , 0.0846991 , 0.0823369 
 254 , 8675.41516995 , 0.0873543 , 0.0823369 
 255 , 8706.91684389 , 0.0837046 , 0.0823369 
 256 , 8738.42599392 , 0.0844202 , 0.0823369 
 257 , 8769.75278997 , 0.0858429 , 0.0823369 
 258 , 8801.405123 , 0.0843873 , 0.0823369 
 259 , 8833.00429583 , 0.0860667 , 0.0823369 
 260 , 8918.26167679 , 0.0847498 , 0.0821231 
 261 , 8949.77582979 , 0.0851783 , 0.0821231 
 262 , 8981.47742891 , 0.0852099 , 0.0821231 
 263 , 9013.0665679 , 0.0842102 , 0.0821231 
 264 , 9044.69801688 , 0.0847089 , 0.0821231 
 265 , 9076.33441496 , 0.0843855 , 0.0821231 
 266 , 9108.00982594 , 0.0829793 , 0.0821231 
 267 , 9139.55871391 , 0.0830031 , 0.0821231 
 268 , 9171.20894599 , 0.0854471 , 0.0821231 
 269 , 9202.77578282 , 0.0836253 , 0.0821231 
 270 , 9234.36574793 , 0.086283 , 0.0821231 
 271 , 9266.02831602 , 0.0863177 , 0.0821231 
 272 , 9297.77506685 , 0.0860636 , 0.0821231 
 273 , 9329.48973489 , 0.0860333 , 0.0821231 
 274 , 9361.04328799 , 0.0858603 , 0.0821231 
 275 , 9392.79578686 , 0.0856394 , 0.0821231 
 276 , 9424.23579001 , 0.0829443 , 0.0821231 
 277 , 9455.650172 , 0.0829706 , 0.0821231 
 278 , 9487.22476888 , 0.084839 , 0.0821231 
 279 , 9518.73085594 , 0.0844433 , 0.0821231 
 280 , 9603.79999781 , 0.0841754 , 0.0822596 
 281 , 9635.2577188 , 0.082781 , 0.0822596 
 282 , 9666.8141799 , 0.0854955 , 0.0822596 
 283 , 9698.29018784 , 0.0849409 , 0.0822596 
 284 , 9729.74107099 , 0.083621 , 0.0822596 
 285 , 9761.19398189 , 0.0846282 , 0.0822596 
 286 , 9792.613451 , 0.0845885 , 0.0822596 
 287 , 9824.11166692 , 0.0850994 , 0.0822596 
 288 , 9855.67586493 , 0.0844119 , 0.0822596 
 289 , 9887.26611781 , 0.0847581 , 0.0822596 
 290 , 9918.69532681 , 0.0858596 , 0.0822596 
 291 , 9950.25642586 , 0.0861486 , 0.0822596 
 292 , 9981.89699197 , 0.0868149 , 0.0822596 
 293 , 10013.417058 , 0.0858332 , 0.0822596 
 294 , 10044.92325 , 0.0839932 , 0.0822596 
 295 , 10076.4542089 , 0.0860508 , 0.0822596 
 296 , 10108.0856929 , 0.0858336 , 0.0822596 
 297 , 10139.6284978 , 0.0862264 , 0.0822596 
 298 , 10171.182689 , 0.085067 , 0.0822596 
 299 , 10202.736975 , 0.0852479 , 0.0822596 
 300 , 10288.0909829 , 0.0858076 , 0.0821358 
 301 , 10319.518939 , 0.0851095 , 0.0821358 
 302 , 10351.1031229 , 0.0846313 , 0.0821358 
 303 , 10382.7492938 , 0.0848496 , 0.0821358 
 304 , 10414.50528 , 0.0867959 , 0.0821358 
 305 , 10446.110935 , 0.0844916 , 0.0821358 
 306 , 10477.7152998 , 0.0842862 , 0.0821358 
 307 , 10509.3099649 , 0.0844574 , 0.0821358 
 308 , 10540.9968979 , 0.0847071 , 0.0821358 
 309 , 10572.5019529 , 0.0853211 , 0.0821358 
 310 , 10604.0594828 , 0.0830976 , 0.0821358 
 311 , 10635.4839749 , 0.083078 , 0.0821358 
 312 , 10667.096591 , 0.0846332 , 0.0821358 
 313 , 10698.6641748 , 0.0858593 , 0.0821358 
 314 , 10730.3111689 , 0.0853341 , 0.0821358 
 315 , 10762.0167248 , 0.0838357 , 0.0821358 
 316 , 10793.5677509 , 0.084321 , 0.0821358 
 317 , 10825.2653298 , 0.0846571 , 0.0821358 
 318 , 10856.8531659 , 0.0857706 , 0.0821358 
 319 , 10888.527509 , 0.0856917 , 0.0821358 
 320 , 10973.7658429 , 0.0826976 , 0.0818724 
 321 , 11005.3407049 , 0.0857816 , 0.0818724 
 322 , 11037.007978 , 0.0840368 , 0.0818724 
 323 , 11068.693835 , 0.0855606 , 0.0818724 
 324 , 11100.319484 , 0.0863271 , 0.0818724 
 325 , 11131.845124 , 0.0840923 , 0.0818724 
 326 , 11163.4786329 , 0.0843877 , 0.0818724 
 327 , 11195.0709538 , 0.0867482 , 0.0818724 
 328 , 11226.603667 , 0.0864964 , 0.0818724 
 329 , 11258.0546749 , 0.0840954 , 0.0818724 
 330 , 11289.538173 , 0.0823293 , 0.0818724 
 331 , 11321.1073349 , 0.0835732 , 0.0818724 
 332 , 11352.5883079 , 0.0836916 , 0.0818724 
 333 , 11384.1135888 , 0.0830878 , 0.0818724 
 334 , 11415.5770938 , 0.0848568 , 0.0818724 
 335 , 11447.1780069 , 0.0841304 , 0.0818724 
 336 , 11478.6196749 , 0.0842458 , 0.0818724 
 337 , 11510.089494 , 0.0859976 , 0.0818724 
 338 , 11541.680835 , 0.0831372 , 0.0818724 
 339 , 11573.1432869 , 0.083015 , 0.0818724 
 340 , 11658.2981019 , 0.083597 , 0.0823813 
 341 , 11689.7863028 , 0.0850953 , 0.0823813 
 342 , 11721.3020639 , 0.0846343 , 0.0823813 
 343 , 11752.7833848 , 0.0850649 , 0.0823813 
 344 , 11784.5037918 , 0.0871457 , 0.0823813 
 345 , 11816.0145319 , 0.0832702 , 0.0823813 
 346 , 11847.511147 , 0.0847505 , 0.0823813 
 347 , 11879.110359 , 0.0862479 , 0.0823813 
 348 , 11910.771981 , 0.0857666 , 0.0823813 
 349 , 11942.372463 , 0.0844826 , 0.0823813 
 350 , 11973.976352 , 0.084433 , 0.0823813 
 351 , 12005.520463 , 0.0853201 , 0.0823813 
 352 , 12037.1807539 , 0.0854377 , 0.0823813 
 353 , 12068.7790818 , 0.08477 , 0.0823813 
 354 , 12100.4303448 , 0.0828883 , 0.0823813 
 355 , 12132.1420748 , 0.0833281 , 0.0823813 
 356 , 12163.724967 , 0.0840283 , 0.0823813 
 357 , 12195.477088 , 0.085232 , 0.0823813 
 358 , 12227.1016738 , 0.0857168 , 0.0823813 
 359 , 12258.747427 , 0.083652 , 0.0823813 
 360 , 12344.0597689 , 0.0842212 , 0.082444 
 361 , 12375.7150888 , 0.0838031 , 0.082444 
 362 , 12407.3478198 , 0.0834663 , 0.082444 
 363 , 12439.1096289 , 0.0839057 , 0.082444 
 364 , 12470.7846959 , 0.0857987 , 0.082444 
 365 , 12502.5646698 , 0.0857368 , 0.082444 
 366 , 12534.3202589 , 0.0855464 , 0.082444 
 367 , 12566.043154 , 0.0826253 , 0.082444 
 368 , 12597.6209159 , 0.0841794 , 0.082444 
 369 , 12629.2830498 , 0.0839582 , 0.082444 
 370 , 12661.0564919 , 0.0830718 , 0.082444 
 371 , 12692.5929148 , 0.0849298 , 0.082444 
 372 , 12724.2263589 , 0.0829666 , 0.082444 
 373 , 12755.8207018 , 0.0836954 , 0.082444 
 374 , 12787.3291619 , 0.0870671 , 0.082444 
 375 , 12819.0046148 , 0.0847113 , 0.082444 
 376 , 12850.8094709 , 0.0846679 , 0.082444 
 377 , 12882.4792249 , 0.0842536 , 0.082444 
 378 , 12914.024071 , 0.0868437 , 0.082444 
 379 , 12945.784389 , 0.0855187 , 0.082444 
 380 , 13031.4416108 , 0.0850861 , 0.0826389 
 381 , 13062.8308818 , 0.0836822 , 0.0826389 
 382 , 13094.3385658 , 0.0832491 , 0.0826389 
 383 , 13125.835804 , 0.0859265 , 0.0826389 
 384 , 13157.4168248 , 0.08458 , 0.0826389 
 385 , 13189.0458958 , 0.0859471 , 0.0826389 
 386 , 13220.6047258 , 0.0834431 , 0.0826389 
 387 , 13252.2109139 , 0.0833192 , 0.0826389 
 388 , 13283.8924489 , 0.08588 , 0.0826389 
 389 , 13315.3972919 , 0.0861208 , 0.0826389 
 390 , 13347.0275838 , 0.0836239 , 0.0826389 
 391 , 13378.5612638 , 0.0826391 , 0.0826389 
 392 , 13410.0819829 , 0.0843884 , 0.0826389 
 393 , 13441.7158978 , 0.0824272 , 0.0826389 
 394 , 13473.2551999 , 0.0860314 , 0.0826389 
 395 , 13504.8118799 , 0.0842206 , 0.0826389 
 396 , 13536.3138189 , 0.0846721 , 0.0826389 
 397 , 13567.9210439 , 0.0841667 , 0.0826389 
 398 , 13599.5918388 , 0.0856498 , 0.0826389 
 399 , 13631.2076719 , 0.0832269 , 0.0826389 
 400 , 13716.6786549 , 0.0837607 , 0.0825966 
 401 , 13748.2955508 , 0.0854945 , 0.0825966 
 402 , 13779.899029 , 0.0838686 , 0.0825966 
 403 , 13811.4297619 , 0.0856423 , 0.0825966 
 404 , 13843.0824099 , 0.0843435 , 0.0825966 
 405 , 13874.652385 , 0.0850908 , 0.0825966 
 406 , 13906.1582339 , 0.0844897 , 0.0825966 
 407 , 13937.8985128 , 0.0856355 , 0.0825966 
 408 , 13969.4776928 , 0.0830774 , 0.0825966 
 409 , 14001.1568899 , 0.0854797 , 0.0825966 
 410 , 14032.886683 , 0.0855487 , 0.0825966 
 411 , 14064.482626 , 0.0846702 , 0.0825966 
 412 , 14096.0974898 , 0.0844315 , 0.0825966 
 413 , 14127.7428269 , 0.0839735 , 0.0825966 
 414 , 14159.3699708 , 0.0848447 , 0.0825966 
 415 , 14191.058156 , 0.0852985 , 0.0825966 
 416 , 14222.7331159 , 0.085588 , 0.0825966 
 417 , 14254.4283829 , 0.0849151 , 0.0825966 
 418 , 14286.0674739 , 0.0846747 , 0.0825966 
 419 , 14317.673929 , 0.0843377 , 0.0825966 
 420 , 14403.0568168 , 0.0839776 , 0.0823512 
 421 , 14434.723892 , 0.0854077 , 0.0823512 
 422 , 14466.2095349 , 0.0850457 , 0.0823512 
 423 , 14497.7226949 , 0.0849696 , 0.0823512 
 424 , 14529.3435378 , 0.0846365 , 0.0823512 
 425 , 14560.9600499 , 0.0845404 , 0.0823512 
 426 , 14592.5722449 , 0.0846005 , 0.0823512 
 427 , 14624.2246649 , 0.0828995 , 0.0823512 
 428 , 14655.9624949 , 0.0876184 , 0.0823512 
 429 , 14687.684824 , 0.0839849 , 0.0823512 
 430 , 14719.4096849 , 0.0850388 , 0.0823512 
 431 , 14751.0604649 , 0.0852773 , 0.0823512 
 432 , 14782.7757728 , 0.084549 , 0.0823512 
 433 , 14814.3817458 , 0.0837462 , 0.0823512 
 434 , 14846.0744319 , 0.0849443 , 0.0823512 
 435 , 14877.71648 , 0.0836828 , 0.0823512 
 436 , 14909.5789549 , 0.0860675 , 0.0823512 
 437 , 14941.3997128 , 0.0858221 , 0.0823512 
 438 , 14973.3125179 , 0.0860831 , 0.0823512 
 439 , 15005.038774 , 0.0862341 , 0.0823512 
 440 , 15090.48311 , 0.0853579 , 0.0822736 
 441 , 15122.212116 , 0.0855058 , 0.0822736 
 442 , 15153.9116659 , 0.0828524 , 0.0822736 
 443 , 15185.4869728 , 0.0834232 , 0.0822736 
 444 , 15217.2065978 , 0.0841967 , 0.0822736 
 445 , 15248.8647668 , 0.0844515 , 0.0822736 
 446 , 15280.5007129 , 0.0859943 , 0.0822736 
 447 , 15312.1881549 , 0.0843024 , 0.0822736 
 448 , 15343.9366238 , 0.0861956 , 0.0822736 
 449 , 15375.560899 , 0.0838327 , 0.0822736 
 450 , 15407.1746709 , 0.0857375 , 0.0822736 
 451 , 15438.9472129 , 0.0858144 , 0.0822736 
 452 , 15470.6648748 , 0.0832105 , 0.0822736 
 453 , 15502.511272 , 0.083766 , 0.0822736 
 454 , 15534.2110338 , 0.0858613 , 0.0822736 
 455 , 15565.998925 , 0.0854775 , 0.0822736 
 456 , 15597.651006 , 0.0824257 , 0.0822736 
 457 , 15629.3846438 , 0.0841351 , 0.0822736 
 458 , 15661.1821668 , 0.0854381 , 0.0822736 
 459 , 15692.93941 , 0.0833272 , 0.0822736 
 460 , 15778.4338989 , 0.083609 , 0.0824509 
 461 , 15810.2854948 , 0.0840661 , 0.0824509 
 462 , 15841.949075 , 0.0850801 , 0.0824509 
 463 , 15873.684551 , 0.083817 , 0.0824509 
 464 , 15905.2879159 , 0.0830209 , 0.0824509 
 465 , 15936.9320538 , 0.0843074 , 0.0824509 
 466 , 15968.5473149 , 0.0879965 , 0.0824509 
 467 , 16000.1628969 , 0.0833802 , 0.0824509 
 468 , 16031.9315689 , 0.0844841 , 0.0824509 
 469 , 16063.745996 , 0.0856339 , 0.0824509 
 470 , 16095.4603319 , 0.0842228 , 0.0824509 
 471 , 16127.162576 , 0.0849103 , 0.0824509 
 472 , 16158.912668 , 0.0838892 , 0.0824509 
 473 , 16190.7106359 , 0.0856018 , 0.0824509 
 474 , 16222.4096749 , 0.0822674 , 0.0824509 
 475 , 16254.1049738 , 0.08261 , 0.0824509 
 476 , 16285.694289 , 0.082503 , 0.0824509 
 477 , 16317.354528 , 0.0838266 , 0.0824509 
 478 , 16348.9976859 , 0.0853058 , 0.0824509 
 479 , 16380.698406 , 0.0849249 , 0.0824509 
 480 , 16465.9438288 , 0.0846679 , 0.0820998 
 481 , 16497.6952989 , 0.0831068 , 0.0820998 
 482 , 16529.4099009 , 0.0838834 , 0.0820998 
 483 , 16561.0367339 , 0.0846876 , 0.0820998 
 484 , 16592.4315939 , 0.0847797 , 0.0820998 
 485 , 16623.8851779 , 0.08536 , 0.0820998 
 486 , 16655.3756189 , 0.0832785 , 0.0820998 
 487 , 16686.770092 , 0.0820862 , 0.0820998 
 488 , 16718.2451138 , 0.0845746 , 0.0820998 
 489 , 16749.6847038 , 0.0848977 , 0.0820998 
 490 , 16781.1593699 , 0.0837975 , 0.0820998 
 491 , 16812.6768298 , 0.0839222 , 0.0820998 
 492 , 16843.9966679 , 0.086208 , 0.0820998 
 493 , 16875.589747 , 0.0840701 , 0.0820998 
 494 , 16906.9906468 , 0.084247 , 0.0820998 
 495 , 16938.427644 , 0.0840543 , 0.0820998 
 496 , 16969.9979448 , 0.0833961 , 0.0820998 
 497 , 17001.498163 , 0.0847768 , 0.0820998 
 498 , 17033.0167849 , 0.0843653 , 0.0820998 
 499 , 17064.5858779 , 0.0839252 , 0.0820998 
 500 , 17149.7880549 , 0.0842541 , 0.0822444 
#  setting learning rate to 0.002000 
 501 , 17182.5575578 , 0.084622 , 0.0822444 
 502 , 17214.0123 , 0.0839384 , 0.0822444 
 503 , 17245.5255508 , 0.0823097 , 0.0822444 
 504 , 17277.0096049 , 0.0823328 , 0.0822444 
 505 , 17308.524848 , 0.0850214 , 0.0822444 
 506 , 17340.0028288 , 0.082988 , 0.0822444 
 507 , 17371.6002369 , 0.0838863 , 0.0822444 
 508 , 17403.2332149 , 0.0834768 , 0.0822444 
 509 , 17434.7746749 , 0.0870631 , 0.0822444 
 510 , 17466.2764289 , 0.0851862 , 0.0822444 
 511 , 17497.7928379 , 0.0831574 , 0.0822444 
 512 , 17529.3538768 , 0.0836992 , 0.0822444 
 513 , 17560.9513459 , 0.0853615 , 0.0822444 
 514 , 17592.4217939 , 0.0830785 , 0.0822444 
 515 , 17624.029084 , 0.0859878 , 0.0822444 
 516 , 17655.6154079 , 0.0824805 , 0.0822444 
 517 , 17687.2425349 , 0.0849157 , 0.0822444 
 518 , 17718.7763109 , 0.0842118 , 0.0822444 
 519 , 17750.3377378 , 0.0841545 , 0.0822444 
 520 , 17835.7594988 , 0.0820611 , 0.0820329 
 521 , 17867.4639499 , 0.0838648 , 0.0820329 
 522 , 17899.1686699 , 0.083367 , 0.0820329 
 523 , 17930.7740588 , 0.0845376 , 0.0820329 
 524 , 17962.380651 , 0.0826968 , 0.0820329 
 525 , 17994.004859 , 0.0829049 , 0.0820329 
 526 , 18025.7242129 , 0.0832406 , 0.0820329 
 527 , 18057.4368899 , 0.0846084 , 0.0820329 
 528 , 18089.1126149 , 0.0843455 , 0.0820329 
 529 , 18120.674444 , 0.0821427 , 0.0820329 
 530 , 18152.270288 , 0.0838698 , 0.0820329 
 531 , 18184.0954888 , 0.0820376 , 0.0820329 
 532 , 18215.8025708 , 0.0847609 , 0.0820329 
 533 , 18247.3951709 , 0.0833634 , 0.0820329 
 534 , 18279.0813248 , 0.0841986 , 0.0820329 
 535 , 18310.8118029 , 0.0841601 , 0.0820329 
 536 , 18342.7226398 , 0.0839342 , 0.0820329 
 537 , 18374.6249189 , 0.0829563 , 0.0820329 
 538 , 18406.2719429 , 0.0833162 , 0.0820329 
 539 , 18438.0166569 , 0.0849637 , 0.0820329 
 540 , 18523.3812048 , 0.0832404 , 0.0818785 
 541 , 18554.9473519 , 0.0841645 , 0.0818785 
 542 , 18586.6157608 , 0.0840682 , 0.0818785 
 543 , 18618.2412288 , 0.0834045 , 0.0818785 
 544 , 18649.9737539 , 0.084035 , 0.0818785 
 545 , 18681.7620618 , 0.0830526 , 0.0818785 
 546 , 18713.2110729 , 0.0816811 , 0.0818785 
 547 , 18744.825814 , 0.082968 , 0.0818785 
 548 , 18776.48118 , 0.0835644 , 0.0818785 
 549 , 18808.1862528 , 0.0846087 , 0.0818785 
 550 , 18840.0556409 , 0.083646 , 0.0818785 
 551 , 18871.5786178 , 0.0833164 , 0.0818785 
 552 , 18903.1343338 , 0.0822584 , 0.0818785 
 553 , 18934.765105 , 0.0847173 , 0.0818785 
 554 , 18966.3566298 , 0.0835898 , 0.0818785 
 555 , 18997.8769588 , 0.0839553 , 0.0818785 
 556 , 19029.5433979 , 0.0844612 , 0.0818785 
 557 , 19061.3039658 , 0.0857273 , 0.0818785 
 558 , 19093.027925 , 0.0835298 , 0.0818785 
 559 , 19124.7780409 , 0.084316 , 0.0818785 
 560 , 19209.8845899 , 0.0850025 , 0.0819172 
 561 , 19241.50387 , 0.083531 , 0.0819172 
 562 , 19273.1546688 , 0.0838176 , 0.0819172 
 563 , 19304.8919859 , 0.0850532 , 0.0819172 
 564 , 19336.4836209 , 0.0834174 , 0.0819172 
 565 , 19368.1465309 , 0.0843665 , 0.0819172 
 566 , 19399.6477928 , 0.0834658 , 0.0819172 
 567 , 19431.210783 , 0.0849676 , 0.0819172 
 568 , 19462.932905 , 0.0835009 , 0.0819172 
 569 , 19494.6447358 , 0.0831001 , 0.0819172 
 570 , 19526.3788328 , 0.0846256 , 0.0819172 
 571 , 19558.1063559 , 0.0854354 , 0.0819172 
 572 , 19589.9221158 , 0.0841974 , 0.0819172 
 573 , 19621.592458 , 0.0832892 , 0.0819172 
 574 , 19653.3407729 , 0.0830478 , 0.0819172 
 575 , 19685.1601179 , 0.0837817 , 0.0819172 
 576 , 19716.9415009 , 0.0869297 , 0.0819172 
 577 , 19748.5461669 , 0.0841278 , 0.0819172 
 578 , 19780.2845318 , 0.0846913 , 0.0819172 
 579 , 19812.0452368 , 0.0831923 , 0.0819172 
 580 , 19897.2592928 , 0.0853742 , 0.0817943 
 581 , 19928.893888 , 0.0815032 , 0.0817943 
 582 , 19960.7359998 , 0.0838091 , 0.0817943 
 583 , 19992.501724 , 0.0832341 , 0.0817943 
 584 , 20024.3366928 , 0.0837724 , 0.0817943 
 585 , 20056.139699 , 0.08323 , 0.0817943 
 586 , 20088.0749319 , 0.0840146 , 0.0817943 
 587 , 20119.900574 , 0.0826226 , 0.0817943 
 588 , 20151.7006149 , 0.085394 , 0.0817943 
 589 , 20183.5423908 , 0.0831018 , 0.0817943 
 590 , 20215.2321188 , 0.0840877 , 0.0817943 
 591 , 20246.8552339 , 0.0818945 , 0.0817943 
 592 , 20278.452256 , 0.0849077 , 0.0817943 
 593 , 20310.06932 , 0.0821717 , 0.0817943 
 594 , 20341.882483 , 0.0836911 , 0.0817943 
 595 , 20373.5568938 , 0.0833759 , 0.0817943 
 596 , 20405.188123 , 0.0845206 , 0.0817943 
 597 , 20436.8883569 , 0.0836698 , 0.0817943 
 598 , 20468.5407999 , 0.0849054 , 0.0817943 
 599 , 20500.2904608 , 0.0825344 , 0.0817943 
 600 , 20585.5898449 , 0.0832874 , 0.0817654 
 601 , 20617.4015429 , 0.0846423 , 0.0817654 
 602 , 20649.0930059 , 0.0851258 , 0.0817654 
 603 , 20680.6489289 , 0.0820916 , 0.0817654 
 604 , 20712.4125638 , 0.0843047 , 0.0817654 
 605 , 20744.1631129 , 0.0843961 , 0.0817654 
 606 , 20775.868799 , 0.0847342 , 0.0817654 
 607 , 20807.6009998 , 0.0832112 , 0.0817654 
 608 , 20839.2732379 , 0.0818183 , 0.0817654 
 609 , 20871.0965109 , 0.0835102 , 0.0817654 
 610 , 20902.8853409 , 0.0823924 , 0.0817654 
 611 , 20934.574713 , 0.0830469 , 0.0817654 
 612 , 20966.309484 , 0.0854951 , 0.0817654 
 613 , 20998.2363489 , 0.0848782 , 0.0817654 
 614 , 21029.9338238 , 0.0830226 , 0.0817654 
 615 , 21061.788779 , 0.0832902 , 0.0817654 
 616 , 21093.5649168 , 0.0857995 , 0.0817654 
 617 , 21125.4492099 , 0.0838654 , 0.0817654 
 618 , 21157.4080849 , 0.0836343 , 0.0817654 
 619 , 21189.2237508 , 0.0835702 , 0.0817654 
 620 , 21274.682174 , 0.0849672 , 0.081719 
 621 , 21306.559588 , 0.0831336 , 0.081719 
 622 , 21338.2495248 , 0.0846419 , 0.081719 
 623 , 21369.9172518 , 0.0826583 , 0.081719 
 624 , 21401.8064969 , 0.0835283 , 0.081719 
 625 , 21433.5233338 , 0.0814028 , 0.081719 
 626 , 21465.161145 , 0.0844174 , 0.081719 
 627 , 21496.775393 , 0.0824909 , 0.081719 
 628 , 21528.5036318 , 0.0836142 , 0.081719 
 629 , 21560.384346 , 0.0823299 , 0.081719 
 630 , 21592.1570799 , 0.0827759 , 0.081719 
 631 , 21623.8202569 , 0.0840904 , 0.081719 
 632 , 21655.5051589 , 0.0811082 , 0.081719 
 633 , 21687.365638 , 0.0836403 , 0.081719 
 634 , 21719.0008318 , 0.0808842 , 0.081719 
 635 , 21750.9139788 , 0.0845618 , 0.081719 
 636 , 21782.7009559 , 0.0851222 , 0.081719 
 637 , 21814.531096 , 0.0848594 , 0.081719 
 638 , 21846.2264829 , 0.0845699 , 0.081719 
 639 , 21878.0729229 , 0.0840162 , 0.081719 
 640 , 21963.7119138 , 0.0845197 , 0.0817776 
 641 , 21995.5069258 , 0.0818951 , 0.0817776 
 642 , 22027.1696799 , 0.083491 , 0.0817776 
 643 , 22058.903482 , 0.0844399 , 0.0817776 
 644 , 22090.5232389 , 0.081563 , 0.0817776 
 645 , 22122.226001 , 0.0822856 , 0.0817776 
 646 , 22154.033427 , 0.0822872 , 0.0817776 
 647 , 22185.7435839 , 0.0846253 , 0.0817776 
 648 , 22217.5104659 , 0.084335 , 0.0817776 
 649 , 22249.2065949 , 0.0836584 , 0.0817776 
 650 , 22280.8593299 , 0.0834963 , 0.0817776 
 651 , 22312.4697449 , 0.0835763 , 0.0817776 
 652 , 22344.3704438 , 0.0838759 , 0.0817776 
 653 , 22376.1051209 , 0.0842162 , 0.0817776 
 654 , 22407.9103348 , 0.0830215 , 0.0817776 
 655 , 22439.7219908 , 0.0835846 , 0.0817776 
 656 , 22471.6262519 , 0.0840856 , 0.0817776 
 657 , 22503.3629179 , 0.0829423 , 0.0817776 
 658 , 22535.1192608 , 0.0823688 , 0.0817776 
 659 , 22566.9360049 , 0.0848513 , 0.0817776 
 660 , 22652.2971599 , 0.0839472 , 0.0817251 
 661 , 22684.106663 , 0.0841651 , 0.0817251 
 662 , 22715.9310908 , 0.0826823 , 0.0817251 
 663 , 22747.6928809 , 0.0850709 , 0.0817251 
 664 , 22779.4592299 , 0.0826821 , 0.0817251 
 665 , 22811.1906838 , 0.0829767 , 0.0817251 
 666 , 22842.9112248 , 0.0847206 , 0.0817251 
 667 , 22874.648788 , 0.0855999 , 0.0817251 
 668 , 22906.4274769 , 0.0822817 , 0.0817251 
 669 , 22938.1268039 , 0.0840537 , 0.0817251 
 670 , 22969.9015329 , 0.0830254 , 0.0817251 
 671 , 23001.6424859 , 0.0857131 , 0.0817251 
 672 , 23033.24717 , 0.0835802 , 0.0817251 
 673 , 23064.9512699 , 0.0854737 , 0.0817251 
 674 , 23096.7650828 , 0.0846679 , 0.0817251 
 675 , 23128.4769418 , 0.0828967 , 0.0817251 
 676 , 23160.2840228 , 0.0814483 , 0.0817251 
 677 , 23192.2557609 , 0.0822448 , 0.0817251 
 678 , 23224.1574359 , 0.0842638 , 0.0817251 
 679 , 23256.19874 , 0.0848147 , 0.0817251 
 680 , 23341.7441928 , 0.0852169 , 0.0818293 
 681 , 23373.4947128 , 0.0823436 , 0.0818293 
 682 , 23405.394429 , 0.0851195 , 0.0818293 
 683 , 23437.3724949 , 0.0830795 , 0.0818293 
 684 , 23469.365278 , 0.0841717 , 0.0818293 
 685 , 23501.31844 , 0.0841743 , 0.0818293 
 686 , 23533.1851768 , 0.0827454 , 0.0818293 
 687 , 23565.0180569 , 0.0820002 , 0.0818293 
 688 , 23596.9196329 , 0.0830413 , 0.0818293 
 689 , 23628.7888188 , 0.0832389 , 0.0818293 
 690 , 23660.5992858 , 0.0839828 , 0.0818293 
 691 , 23692.4119768 , 0.0822476 , 0.0818293 
 692 , 23724.3044338 , 0.0852649 , 0.0818293 
 693 , 23756.055414 , 0.0832313 , 0.0818293 
 694 , 23787.9132159 , 0.0838281 , 0.0818293 
 695 , 23819.7037199 , 0.0845798 , 0.0818293 
 696 , 23851.5331829 , 0.0845762 , 0.0818293 
 697 , 23883.2860229 , 0.0840607 , 0.0818293 
 698 , 23915.1876099 , 0.0843575 , 0.0818293 
 699 , 23946.789829 , 0.0826964 , 0.0818293 
 700 , 24032.183805 , 0.0843243 , 0.0816908 
 701 , 24063.9916849 , 0.0830773 , 0.0816908 
 702 , 24095.736872 , 0.085584 , 0.0816908 
 703 , 24127.387671 , 0.0828481 , 0.0816908 
 704 , 24159.2672729 , 0.0841882 , 0.0816908 
 705 , 24191.0440428 , 0.0839289 , 0.0816908 
 706 , 24222.7677109 , 0.0848751 , 0.0816908 
 707 , 24254.497412 , 0.0829 , 0.0816908 
 708 , 24286.455945 , 0.0844922 , 0.0816908 
 709 , 24318.2528169 , 0.0852493 , 0.0816908 
 710 , 24349.8098099 , 0.0826987 , 0.0816908 
 711 , 24381.7139509 , 0.0835063 , 0.0816908 
 712 , 24413.4764559 , 0.0844509 , 0.0816908 
 713 , 24445.1902049 , 0.0851325 , 0.0816908 
 714 , 24477.0034149 , 0.0827165 , 0.0816908 
 715 , 24508.9000919 , 0.0839178 , 0.0816908 
 716 , 24540.7757039 , 0.0825947 , 0.0816908 
 717 , 24572.8476369 , 0.0851196 , 0.0816908 
 718 , 24604.694052 , 0.0831819 , 0.0816908 
 719 , 24636.5193329 , 0.0823616 , 0.0816908 
 720 , 24721.9910328 , 0.0846855 , 0.0817157 
 721 , 24753.8065588 , 0.0818691 , 0.0817157 
 722 , 24785.5302839 , 0.0848045 , 0.0817157 
 723 , 24817.445617 , 0.084114 , 0.0817157 
 724 , 24849.161325 , 0.0834003 , 0.0817157 
 725 , 24881.000391 , 0.0823057 , 0.0817157 
 726 , 24912.936975 , 0.0843413 , 0.0817157 
 727 , 24944.7372248 , 0.0818694 , 0.0817157 
 728 , 24976.4852269 , 0.0835127 , 0.0817157 
 729 , 25008.2141259 , 0.0827635 , 0.0817157 
 730 , 25040.1269279 , 0.0842043 , 0.0817157 
 731 , 25071.8534539 , 0.0807085 , 0.0817157 
 732 , 25103.667244 , 0.0848141 , 0.0817157 
 733 , 25135.4229429 , 0.0832488 , 0.0817157 
 734 , 25167.3372619 , 0.0850965 , 0.0817157 
 735 , 25199.1044798 , 0.08167 , 0.0817157 
 736 , 25230.8161919 , 0.0804642 , 0.0817157 
 737 , 25262.5888908 , 0.086247 , 0.0817157 
 738 , 25294.3097169 , 0.0845526 , 0.0817157 
 739 , 25326.2018778 , 0.0820658 , 0.0817157 
 740 , 25411.6714919 , 0.0824827 , 0.081681 
 741 , 25443.36534 , 0.082842 , 0.081681 
 742 , 25474.8180509 , 0.0838664 , 0.081681 
 743 , 25506.3537068 , 0.0824701 , 0.081681 
 744 , 25537.9446659 , 0.0836097 , 0.081681 
 745 , 25569.671916 , 0.0851917 , 0.081681 
 746 , 25601.330698 , 0.08361 , 0.081681 
 747 , 25632.8322868 , 0.0855467 , 0.081681 
 748 , 25664.464335 , 0.0824737 , 0.081681 
 749 , 25696.046118 , 0.0840948 , 0.081681 
 750 , 25727.6748939 , 0.0833762 , 0.081681 
 751 , 25759.364198 , 0.0830186 , 0.081681 
 752 , 25791.0293 , 0.0847961 , 0.081681 
 753 , 25822.6652908 , 0.0841297 , 0.081681 
 754 , 25854.3027189 , 0.0841404 , 0.081681 
 755 , 25886.017009 , 0.0827362 , 0.081681 
 756 , 25917.69291 , 0.0837668 , 0.081681 
 757 , 25949.288234 , 0.0836111 , 0.081681 
 758 , 25980.8775389 , 0.084715 , 0.081681 
 759 , 26012.5135019 , 0.0842714 , 0.081681 
 760 , 26097.8154008 , 0.0840268 , 0.0816799 
 761 , 26129.4541838 , 0.0839256 , 0.0816799 
 762 , 26160.896498 , 0.0822963 , 0.0816799 
 763 , 26192.418474 , 0.0858848 , 0.0816799 
 764 , 26223.914871 , 0.0821139 , 0.0816799 
 765 , 26255.6237869 , 0.0834416 , 0.0816799 
 766 , 26287.2832129 , 0.0819382 , 0.0816799 
 767 , 26318.8619618 , 0.0842263 , 0.0816799 
 768 , 26350.5791998 , 0.0849359 , 0.0816799 
 769 , 26382.3361259 , 0.086038 , 0.0816799 
 770 , 26414.0339558 , 0.0814011 , 0.0816799 
 771 , 26445.6153789 , 0.0844998 , 0.0816799 
 772 , 26477.230947 , 0.0847032 , 0.0816799 
 773 , 26508.8581159 , 0.0851935 , 0.0816799 
 774 , 26540.558233 , 0.0845271 , 0.0816799 
 775 , 26572.0706799 , 0.0834099 , 0.0816799 
 776 , 26603.6911619 , 0.0841329 , 0.0816799 
 777 , 26635.173532 , 0.0846922 , 0.0816799 
 778 , 26666.9347248 , 0.0861076 , 0.0816799 
 779 , 26698.5895779 , 0.0841771 , 0.0816799 
 780 , 26783.7902849 , 0.0834576 , 0.0818116 
 781 , 26815.5305219 , 0.0830157 , 0.0818116 
 782 , 26847.1832249 , 0.084168 , 0.0818116 
 783 , 26878.9171529 , 0.083295 , 0.0818116 
 784 , 26910.5146048 , 0.0857453 , 0.0818116 
 785 , 26942.194453 , 0.0847027 , 0.0818116 
 786 , 26974.0130119 , 0.0825665 , 0.0818116 
 787 , 27005.759167 , 0.0817404 , 0.0818116 
 788 , 27037.423924 , 0.0819365 , 0.0818116 
 789 , 27069.1315889 , 0.0842934 , 0.0818116 
 790 , 27100.9034529 , 0.0817131 , 0.0818116 
 791 , 27132.6135859 , 0.0833876 , 0.0818116 
 792 , 27164.4423368 , 0.0833495 , 0.0818116 
 793 , 27196.1182709 , 0.0836472 , 0.0818116 
 794 , 27227.8258438 , 0.0819768 , 0.0818116 
 795 , 27259.3927438 , 0.0848152 , 0.0818116 
 796 , 27291.0922668 , 0.0819033 , 0.0818116 
 797 , 27322.806258 , 0.0837741 , 0.0818116 
 798 , 27354.4906569 , 0.0829849 , 0.0818116 
 799 , 27386.188009 , 0.0839973 , 0.0818116 
 800 , 27471.486424 , 0.0828683 , 0.0817468 
 801 , 27503.1031179 , 0.0825982 , 0.0817468 
 802 , 27534.688447 , 0.0847465 , 0.0817468 
 803 , 27566.2619619 , 0.0824145 , 0.0817468 
 804 , 27597.9396298 , 0.0858339 , 0.0817468 
 805 , 27629.682107 , 0.0815381 , 0.0817468 
 806 , 27661.2260468 , 0.0834852 , 0.0817468 
 807 , 27692.756248 , 0.0844136 , 0.0817468 
 808 , 27724.411181 , 0.0856759 , 0.0817468 
 809 , 27755.9047978 , 0.0845095 , 0.0817468 
 810 , 27787.529999 , 0.0828984 , 0.0817468 
 811 , 27819.1349349 , 0.0849967 , 0.0817468 
 812 , 27850.74296 , 0.0829149 , 0.0817468 
 813 , 27882.6620069 , 0.0834835 , 0.0817468 
 814 , 27914.2472849 , 0.0832886 , 0.0817468 
 815 , 27945.897476 , 0.0827694 , 0.0817468 
 816 , 27977.6289618 , 0.0854344 , 0.0817468 
 817 , 28009.4047949 , 0.0852658 , 0.0817468 
 818 , 28041.218869 , 0.0848685 , 0.0817468 
 819 , 28072.9232779 , 0.0843571 , 0.0817468 
 820 , 28158.173111 , 0.0841395 , 0.0817969 
 821 , 28189.8370569 , 0.0827335 , 0.0817969 
 822 , 28221.5047669 , 0.0839857 , 0.0817969 
 823 , 28253.156786 , 0.082606 , 0.0817969 
 824 , 28284.7851949 , 0.0847511 , 0.0817969 
 825 , 28316.6857948 , 0.0819566 , 0.0817969 
 826 , 28348.456584 , 0.0843351 , 0.0817969 
 827 , 28380.198118 , 0.083255 , 0.0817969 
 828 , 28411.9464979 , 0.0817624 , 0.0817969 
 829 , 28443.879112 , 0.0852546 , 0.0817969 
 830 , 28475.781708 , 0.0842582 , 0.0817969 
 831 , 28507.514004 , 0.0840469 , 0.0817969 
 832 , 28539.1232469 , 0.0832827 , 0.0817969 
 833 , 28570.7829089 , 0.0828321 , 0.0817969 
 834 , 28602.6501799 , 0.0838004 , 0.0817969 
 835 , 28634.2662549 , 0.0832266 , 0.0817969 
 836 , 28665.8417618 , 0.0836212 , 0.0817969 
 837 , 28697.544435 , 0.0845929 , 0.0817969 
 838 , 28729.3209178 , 0.0836001 , 0.0817969 
 839 , 28761.133018 , 0.0840934 , 0.0817969 
 840 , 28846.546978 , 0.0863867 , 0.0817637 
 841 , 28878.0738759 , 0.0820754 , 0.0817637 
 842 , 28909.565367 , 0.0857146 , 0.0817637 
 843 , 28941.1085229 , 0.0834912 , 0.0817637 
 844 , 28972.7858489 , 0.0830303 , 0.0817637 
 845 , 29004.3136568 , 0.0840068 , 0.0817637 
 846 , 29035.8962338 , 0.0843981 , 0.0817637 
 847 , 29067.6350658 , 0.0812818 , 0.0817637 
 848 , 29099.3091519 , 0.0830965 , 0.0817637 
 849 , 29131.0401559 , 0.0822649 , 0.0817637 
 850 , 29162.784585 , 0.0832062 , 0.0817637 
 851 , 29194.4813719 , 0.0827696 , 0.0817637 
 852 , 29226.257458 , 0.0857986 , 0.0817637 
 853 , 29258.0710289 , 0.0844862 , 0.0817637 
 854 , 29289.6191318 , 0.0840698 , 0.0817637 
 855 , 29321.080004 , 0.082971 , 0.0817637 
 856 , 29352.628634 , 0.0827209 , 0.0817637 
 857 , 29384.2385368 , 0.0833284 , 0.0817637 
 858 , 29415.7808459 , 0.0818262 , 0.0817637 
 859 , 29447.513865 , 0.0843345 , 0.0817637 
 860 , 29532.800797 , 0.0827671 , 0.081868 
 861 , 29564.460469 , 0.0825173 , 0.081868 
 862 , 29596.371213 , 0.0854562 , 0.081868 
 863 , 29628.0139949 , 0.085131 , 0.081868 
 864 , 29659.6585329 , 0.0830814 , 0.081868 
 865 , 29691.6205099 , 0.0839156 , 0.081868 
 866 , 29723.3531878 , 0.0818154 , 0.081868 
 867 , 29755.052763 , 0.0830456 , 0.081868 
 868 , 29786.6242199 , 0.0849218 , 0.081868 
 869 , 29818.2650299 , 0.084471 , 0.081868 
 870 , 29849.8299508 , 0.0833487 , 0.081868 
 871 , 29881.5408089 , 0.0816397 , 0.081868 
 872 , 29913.15889 , 0.0844696 , 0.081868 
 873 , 29944.9708798 , 0.0858739 , 0.081868 
 874 , 29976.6814518 , 0.0825442 , 0.081868 
 875 , 30008.317194 , 0.0828842 , 0.081868 
 876 , 30040.0259478 , 0.083513 , 0.081868 
 877 , 30071.786587 , 0.084507 , 0.081868 
 878 , 30103.3256969 , 0.0831588 , 0.081868 
 879 , 30135.0329499 , 0.082866 , 0.081868 
 880 , 30220.3639669 , 0.0840759 , 0.0818188 
 881 , 30252.099699 , 0.085797 , 0.0818188 
 882 , 30283.6334569 , 0.0834864 , 0.0818188 
 883 , 30315.3233688 , 0.0836032 , 0.0818188 
 884 , 30347.0067599 , 0.0843538 , 0.0818188 
 885 , 30378.5531209 , 0.0840444 , 0.0818188 
 886 , 30410.1101749 , 0.0827944 , 0.0818188 
 887 , 30441.6637368 , 0.0827139 , 0.0818188 
 888 , 30473.1904869 , 0.0846899 , 0.0818188 
 889 , 30504.8586018 , 0.0841887 , 0.0818188 
 890 , 30536.5288508 , 0.0834384 , 0.0818188 
 891 , 30568.0482988 , 0.0825888 , 0.0818188 
 892 , 30599.6122968 , 0.082047 , 0.0818188 
 893 , 30631.271466 , 0.0846846 , 0.0818188 
 894 , 30662.9422848 , 0.082885 , 0.0818188 
 895 , 30694.7162108 , 0.0839675 , 0.0818188 
 896 , 30726.509388 , 0.0845949 , 0.0818188 
 897 , 30758.3127999 , 0.0847731 , 0.0818188 
 898 , 30790.0017278 , 0.0841944 , 0.0818188 
 899 , 30821.825784 , 0.0846557 , 0.0818188 
 900 , 30906.9349179 , 0.0830312 , 0.0816545 
 901 , 30938.7103179 , 0.0826697 , 0.0816545 
 902 , 30970.6735489 , 0.0842305 , 0.0816545 
 903 , 31002.3648539 , 0.0828355 , 0.0816545 
 904 , 31034.05896 , 0.0836255 , 0.0816545 
 905 , 31065.8316469 , 0.0808042 , 0.0816545 
 906 , 31097.5313518 , 0.0828891 , 0.0816545 
 907 , 31129.1169088 , 0.0830654 , 0.0816545 
 908 , 31160.8418908 , 0.0816928 , 0.0816545 
 909 , 31192.41236 , 0.0827643 , 0.0816545 
 910 , 31224.2335808 , 0.0873248 , 0.0816545 
 911 , 31255.8668408 , 0.0840805 , 0.0816545 
 912 , 31287.6218648 , 0.0820625 , 0.0816545 
 913 , 31319.1472828 , 0.0846801 , 0.0816545 
 914 , 31350.7320628 , 0.0833148 , 0.0816545 
 915 , 31382.3770249 , 0.0819422 , 0.0816545 
 916 , 31414.0518758 , 0.082058 , 0.0816545 
 917 , 31445.744277 , 0.0832262 , 0.0816545 
 918 , 31477.534138 , 0.081249 , 0.0816545 
 919 , 31509.373719 , 0.083576 , 0.0816545 
 920 , 31594.735451 , 0.0839461 , 0.0817853 
 921 , 31626.3626359 , 0.0819319 , 0.0817853 
 922 , 31658.018919 , 0.0841023 , 0.0817853 
 923 , 31689.700707 , 0.0838323 , 0.0817853 
 924 , 31721.3426559 , 0.0814523 , 0.0817853 
 925 , 31753.0908949 , 0.0835787 , 0.0817853 
 926 , 31784.8023059 , 0.0821 , 0.0817853 
 927 , 31816.5747089 , 0.0831551 , 0.0817853 
 928 , 31848.4204018 , 0.0837404 , 0.0817853 
 929 , 31880.1270869 , 0.0832834 , 0.0817853 
 930 , 31911.86252 , 0.0819783 , 0.0817853 
 931 , 31943.5391879 , 0.083556 , 0.0817853 
 932 , 31975.318388 , 0.083181 , 0.0817853 
 933 , 32007.001581 , 0.0825172 , 0.0817853 
 934 , 32038.753763 , 0.0842761 , 0.0817853 
 935 , 32070.4619739 , 0.0839496 , 0.0817853 
 936 , 32102.016479 , 0.0824607 , 0.0817853 
 937 , 32133.4310219 , 0.086737 , 0.0817853 
 938 , 32164.9617069 , 0.0828694 , 0.0817853 
 939 , 32196.6279459 , 0.0849805 , 0.0817853 
 940 , 32281.633637 , 0.0860002 , 0.0817153 
 941 , 32313.1605339 , 0.0839446 , 0.0817153 
 942 , 32344.5576179 , 0.0817293 , 0.0817153 
 943 , 32376.1904979 , 0.0841949 , 0.0817153 
 944 , 32407.6811769 , 0.0838673 , 0.0817153 
 945 , 32439.182004 , 0.0838272 , 0.0817153 
 946 , 32470.708195 , 0.0830428 , 0.0817153 
 947 , 32502.2795379 , 0.0822367 , 0.0817153 
 948 , 32533.8342409 , 0.0838251 , 0.0817153 
 949 , 32565.573092 , 0.0841054 , 0.0817153 
 950 , 32597.13782 , 0.0834336 , 0.0817153 
 951 , 32628.6543739 , 0.0847572 , 0.0817153 
 952 , 32660.302845 , 0.0828438 , 0.0817153 
 953 , 32691.9174309 , 0.0838785 , 0.0817153 
 954 , 32723.5803928 , 0.0827035 , 0.0817153 
 955 , 32755.1571469 , 0.0839393 , 0.0817153 
 956 , 32786.9363799 , 0.0846509 , 0.0817153 
 957 , 32818.6509459 , 0.0825483 , 0.0817153 
 958 , 32850.293298 , 0.0816221 , 0.0817153 
 959 , 32881.9668088 , 0.0852906 , 0.0817153 
 960 , 32967.2781198 , 0.0829719 , 0.0815919 
 961 , 32998.927187 , 0.082459 , 0.0815919 
 962 , 33030.7966709 , 0.0840761 , 0.0815919 
 963 , 33062.5327449 , 0.0828406 , 0.0815919 
 964 , 33094.2395618 , 0.0843273 , 0.0815919 
 965 , 33125.8613188 , 0.0815486 , 0.0815919 
 966 , 33157.5635538 , 0.0819422 , 0.0815919 
 967 , 33189.1554589 , 0.0843383 , 0.0815919 
 968 , 33220.7253208 , 0.0840821 , 0.0815919 
 969 , 33252.3950479 , 0.0851314 , 0.0815919 
 970 , 33284.1253068 , 0.0854585 , 0.0815919 
 971 , 33315.6371679 , 0.0823154 , 0.0815919 
 972 , 33347.2012339 , 0.084584 , 0.0815919 
 973 , 33378.8944759 , 0.0854672 , 0.0815919 
 974 , 33410.6325829 , 0.0826334 , 0.0815919 
 975 , 33442.339201 , 0.083423 , 0.0815919 
 976 , 33473.8808119 , 0.0846892 , 0.0815919 
 977 , 33505.598351 , 0.0833506 , 0.0815919 
 978 , 33537.3412089 , 0.0828957 , 0.0815919 
 979 , 33568.9191918 , 0.0841487 , 0.0815919 
 980 , 33654.271184 , 0.0825393 , 0.0816014 
 981 , 33685.9240749 , 0.0836602 , 0.0816014 
 982 , 33717.535892 , 0.0819893 , 0.0816014 
 983 , 33749.186168 , 0.0829311 , 0.0816014 
 984 , 33780.7459278 , 0.0821225 , 0.0816014 
 985 , 33812.375679 , 0.0842878 , 0.0816014 
 986 , 33843.9577508 , 0.0858433 , 0.0816014 
 987 , 33875.7620969 , 0.0838418 , 0.0816014 
 988 , 33907.4491489 , 0.0837926 , 0.0816014 
 989 , 33938.9453809 , 0.0822404 , 0.0816014 
 990 , 33970.597502 , 0.082858 , 0.0816014 
 991 , 34002.4000959 , 0.0831978 , 0.0816014 
 992 , 34033.9288919 , 0.0825855 , 0.0816014 
 993 , 34065.7618978 , 0.0829358 , 0.0816014 
 994 , 34097.4378569 , 0.0829471 , 0.0816014 
 995 , 34129.0747268 , 0.0821668 , 0.0816014 
 996 , 34160.6985068 , 0.0824588 , 0.0816014 
 997 , 34192.22644 , 0.0828764 , 0.0816014 
 998 , 34223.946666 , 0.0826069 , 0.0816014 
 999 , 34255.7458289 , 0.0829407 , 0.0816014 
 1000 , 34340.060586 , 0.0837826 , 0.0817703 
