#The training is running for 1000 chunks, each with 1008 images. That are about 17 epochs. The validation sample contains 3078 images. 
#round  ,time, mean_train_loss , mean_valid_loss 
#  starting learning rate to 0.040000 
 1 , 48.5680370331 , 0.328794 , 0.0 
 2 , 80.0419149399 , 0.333612 , 0.0 
 3 , 111.542843103 , 0.332694 , 0.0 
 4 , 143.08445406 , 0.334308 , 0.0 
#Free GPU Mem after validation step 146.6875 MiB 
 5 , 228.574538946 , 0.333056 , 0.0 
 6 , 259.952305079 , 0.331977 , 0.0 
 7 , 291.457220078 , 0.330925 , 0.332772 
 8 , 322.922873974 , 0.333892 , 0.332772 
 9 , 354.303926945 , 0.332339 , 0.332772 
 10 , 439.54341197 , 0.330477 , 0.332052 
 11 , 470.839657068 , 0.332503 , 0.332052 
 12 , 502.198266983 , 0.333968 , 0.332052 
 13 , 533.706174135 , 0.331899 , 0.332052 
 14 , 565.250898123 , 0.329192 , 0.332052 
 15 , 650.68881011 , 0.330903 , 0.33193 
 16 , 682.176450014 , 0.330949 , 0.33193 
 17 , 713.609091043 , 0.333366 , 0.33193 
 18 , 744.947385073 , 0.334474 , 0.33193 
 19 , 776.37943697 , 0.336034 , 0.33193 
 20 , 861.652842045 , 0.331389 , 0.331863 
 21 , 893.014322996 , 0.334328 , 0.331863 
 22 , 924.523009062 , 0.331876 , 0.331863 
 23 , 955.890109062 , 0.331795 , 0.331863 
 24 , 987.341128111 , 0.328341 , 0.331863 
 25 , 1072.54626894 , 0.332052 , 0.332265 
 26 , 1104.088907 , 0.331768 , 0.332265 
 27 , 1135.40232491 , 0.33268 , 0.332265 
 28 , 1166.81828499 , 0.330507 , 0.332265 
 29 , 1198.26807499 , 0.330495 , 0.332265 
 30 , 1283.63704014 , 0.332795 , 0.331821 
 31 , 1315.06206703 , 0.332461 , 0.331821 
 32 , 1346.4639461 , 0.332429 , 0.331821 
 33 , 1377.75069904 , 0.332582 , 0.331821 
 34 , 1409.14895201 , 0.332874 , 0.331821 
 35 , 1494.45125699 , 0.332875 , 0.330888 
 36 , 1525.94098902 , 0.333162 , 0.330888 
 37 , 1557.37377095 , 0.33163 , 0.330888 
 38 , 1588.59006 , 0.328118 , 0.330888 
 39 , 1619.95706105 , 0.327846 , 0.330888 
 40 , 1705.34149003 , 0.324926 , 0.325191 
 41 , 1736.5174551 , 0.324711 , 0.325191 
 42 , 1767.85784006 , 0.325597 , 0.325191 
 43 , 1799.21909404 , 0.325174 , 0.325191 
 44 , 1830.54538894 , 0.325965 , 0.325191 
 45 , 1915.70968413 , 0.320772 , 0.321003 
 46 , 1947.15715599 , 0.324538 , 0.321003 
 47 , 1978.70706296 , 0.319933 , 0.321003 
 48 , 2010.19065809 , 0.324726 , 0.321003 
 49 , 2041.47766614 , 0.320675 , 0.321003 
 50 , 2126.62983394 , 0.321789 , 0.321387 
 51 , 2158.00241113 , 0.321018 , 0.321387 
 52 , 2189.28054595 , 0.319042 , 0.321387 
 53 , 2220.60639691 , 0.323379 , 0.321387 
 54 , 2251.81664991 , 0.320156 , 0.321387 
 55 , 2337.02568793 , 0.3204 , 0.317752 
 56 , 2368.45590496 , 0.320967 , 0.317752 
 57 , 2399.91770291 , 0.321148 , 0.317752 
 58 , 2431.36470914 , 0.317162 , 0.317752 
 59 , 2462.74026012 , 0.320682 , 0.317752 
 60 , 2547.94797397 , 0.318402 , 0.319354 
 61 , 2579.45494795 , 0.318394 , 0.319354 
 62 , 2610.90461111 , 0.318139 , 0.319354 
 63 , 2642.28918505 , 0.317327 , 0.319354 
 64 , 2673.57019711 , 0.319567 , 0.319354 
 65 , 2758.76192999 , 0.318633 , 0.31762 
 66 , 2790.13734508 , 0.320357 , 0.31762 
 67 , 2821.49691391 , 0.318484 , 0.31762 
 68 , 2852.94681597 , 0.317597 , 0.31762 
 69 , 2884.39819193 , 0.317409 , 0.31762 
 70 , 2969.64204502 , 0.315016 , 0.31565 
 71 , 3000.87976193 , 0.317899 , 0.31565 
 72 , 3032.13645697 , 0.31719 , 0.31565 
 73 , 3063.39942408 , 0.317924 , 0.31565 
 74 , 3094.86964297 , 0.31507 , 0.31565 
 75 , 3180.04300404 , 0.315323 , 0.317423 
 76 , 3211.36509991 , 0.317039 , 0.317423 
 77 , 3242.76804495 , 0.319119 , 0.317423 
 78 , 3274.09932613 , 0.316797 , 0.317423 
 79 , 3305.37837291 , 0.318974 , 0.317423 
 80 , 3390.37227511 , 0.317887 , 0.315883 
 81 , 3421.71783113 , 0.313427 , 0.315883 
 82 , 3452.98715591 , 0.316473 , 0.315883 
 83 , 3484.362818 , 0.317508 , 0.315883 
 84 , 3515.73672009 , 0.316472 , 0.315883 
 85 , 3600.95950913 , 0.313348 , 0.314603 
 86 , 3632.39123607 , 0.314828 , 0.314603 
 87 , 3663.93070602 , 0.317413 , 0.314603 
 88 , 3695.33880401 , 0.313163 , 0.314603 
 89 , 3726.88184905 , 0.312142 , 0.314603 
 90 , 3812.35861111 , 0.314812 , 0.311823 
 91 , 3843.76816392 , 0.312638 , 0.311823 
 92 , 3875.08649611 , 0.314913 , 0.311823 
 93 , 3906.48358297 , 0.312077 , 0.311823 
 94 , 3942.49579906 , 0.312479 , 0.311823 
 95 , 4026.61874509 , 0.319047 , 0.311305 
 96 , 4057.56194711 , 0.312703 , 0.311305 
 97 , 4088.46684504 , 0.314085 , 0.311305 
 98 , 4119.32353806 , 0.310502 , 0.311305 
 99 , 4150.29422092 , 0.314794 , 0.311305 
 100 , 4234.40665412 , 0.311251 , 0.309778 
 101 , 4265.35354209 , 0.312295 , 0.309778 
 102 , 4296.27044106 , 0.311875 , 0.309778 
 103 , 4327.26647401 , 0.311804 , 0.309778 
 104 , 4358.25386906 , 0.31172 , 0.309778 
 105 , 4442.30882907 , 0.312406 , 0.310017 
 106 , 4473.22294092 , 0.308003 , 0.310017 
 107 , 4504.31498194 , 0.312654 , 0.310017 
 108 , 4535.13267803 , 0.313566 , 0.310017 
 109 , 4566.17923999 , 0.308733 , 0.310017 
 110 , 4650.21717 , 0.309863 , 0.308658 
 111 , 4681.26092505 , 0.310938 , 0.308658 
 112 , 4712.34521103 , 0.311545 , 0.308658 
 113 , 4743.47567606 , 0.312147 , 0.308658 
 114 , 4774.45378113 , 0.310559 , 0.308658 
 115 , 4858.51668692 , 0.308723 , 0.308321 
 116 , 4889.49943995 , 0.310165 , 0.308321 
 117 , 4920.57936597 , 0.309099 , 0.308321 
 118 , 4951.63523412 , 0.313807 , 0.308321 
 119 , 4982.74776602 , 0.30658 , 0.308321 
 120 , 5066.81959009 , 0.308419 , 0.306127 
 121 , 5097.91107512 , 0.309789 , 0.306127 
 122 , 5128.87420106 , 0.306733 , 0.306127 
 123 , 5159.89480495 , 0.309892 , 0.306127 
 124 , 5190.84268212 , 0.307535 , 0.306127 
 125 , 5275.02427602 , 0.30632 , 0.306719 
 126 , 5305.97258997 , 0.308885 , 0.306719 
 127 , 5336.86200213 , 0.309108 , 0.306719 
 128 , 5367.81399202 , 0.308329 , 0.306719 
 129 , 5398.69746995 , 0.306112 , 0.306719 
 130 , 5482.77363014 , 0.305315 , 0.30362 
 131 , 5513.64906406 , 0.310496 , 0.30362 
 132 , 5544.60459495 , 0.305193 , 0.30362 
 133 , 5575.65450096 , 0.304541 , 0.30362 
 134 , 5606.68316197 , 0.303285 , 0.30362 
 135 , 5690.77409601 , 0.306468 , 0.30386 
 136 , 5721.75115013 , 0.306272 , 0.30386 
 137 , 5752.72961497 , 0.302398 , 0.30386 
 138 , 5783.6221211 , 0.305329 , 0.30386 
 139 , 5814.59144497 , 0.305231 , 0.30386 
 140 , 5898.64555502 , 0.300689 , 0.303463 
 141 , 5929.58217406 , 0.30607 , 0.303463 
 142 , 5960.57397795 , 0.306125 , 0.303463 
 143 , 5991.53205204 , 0.303312 , 0.303463 
 144 , 6022.52803397 , 0.305491 , 0.303463 
 145 , 6106.67724013 , 0.301808 , 0.301653 
 146 , 6137.64196301 , 0.307862 , 0.301653 
 147 , 6168.60759306 , 0.304792 , 0.301653 
 148 , 6199.652632 , 0.307015 , 0.301653 
 149 , 6230.70376897 , 0.302809 , 0.301653 
 150 , 6314.78429103 , 0.303414 , 0.301906 
 151 , 6345.73018599 , 0.303544 , 0.301906 
 152 , 6376.65965796 , 0.302292 , 0.301906 
 153 , 6407.59237003 , 0.298479 , 0.301906 
 154 , 6438.62769413 , 0.304368 , 0.301906 
 155 , 6522.827245 , 0.307442 , 0.299669 
 156 , 6553.85404992 , 0.303933 , 0.299669 
 157 , 6584.87088799 , 0.302549 , 0.299669 
 158 , 6615.73183703 , 0.300878 , 0.299669 
 159 , 6646.76395607 , 0.30083 , 0.299669 
 160 , 6730.83502507 , 0.302157 , 0.297846 
 161 , 6761.71023297 , 0.301012 , 0.297846 
 162 , 6792.73235106 , 0.299684 , 0.297846 
 163 , 6823.74240303 , 0.303925 , 0.297846 
 164 , 6854.66770601 , 0.300826 , 0.297846 
 165 , 6938.78807092 , 0.307126 , 0.300634 
 166 , 6969.73946214 , 0.299651 , 0.300634 
 167 , 7000.63852191 , 0.302428 , 0.300634 
 168 , 7031.58068109 , 0.302301 , 0.300634 
 169 , 7062.58563995 , 0.302198 , 0.300634 
 170 , 7146.74118996 , 0.302396 , 0.296915 
 171 , 7177.64098692 , 0.301151 , 0.296915 
 172 , 7208.63272214 , 0.295677 , 0.296915 
 173 , 7239.63420105 , 0.298078 , 0.296915 
 174 , 7270.61794114 , 0.296053 , 0.296915 
 175 , 7354.86203909 , 0.30181 , 0.296117 
 176 , 7385.95011306 , 0.298953 , 0.296117 
 177 , 7416.99118996 , 0.299517 , 0.296117 
 178 , 7447.89363313 , 0.296942 , 0.296117 
 179 , 7478.84917498 , 0.296823 , 0.296117 
 180 , 7562.93237495 , 0.297146 , 0.298223 
 181 , 7593.865134 , 0.29544 , 0.298223 
 182 , 7624.87761712 , 0.298315 , 0.298223 
 183 , 7655.88569307 , 0.298619 , 0.298223 
 184 , 7686.86044312 , 0.2974 , 0.298223 
 185 , 7770.99318695 , 0.297537 , 0.29982 
 186 , 7801.91235304 , 0.300539 , 0.29982 
 187 , 7832.84844899 , 0.30129 , 0.29982 
 188 , 7863.8916831 , 0.296326 , 0.29982 
 189 , 7894.92924905 , 0.295061 , 0.29982 
 190 , 7979.1356411 , 0.299681 , 0.294579 
 191 , 8010.13266301 , 0.292789 , 0.294579 
 192 , 8041.11354113 , 0.298403 , 0.294579 
 193 , 8072.03737998 , 0.29395 , 0.294579 
 194 , 8102.99977303 , 0.299021 , 0.294579 
 195 , 8187.04130507 , 0.295072 , 0.29544 
 196 , 8218.07249212 , 0.298324 , 0.29544 
 197 , 8249.13793802 , 0.300904 , 0.29544 
 198 , 8280.25057912 , 0.300718 , 0.29544 
 199 , 8311.20993614 , 0.299025 , 0.29544 
 200 , 8395.43898797 , 0.297351 , 0.294363 
 201 , 8426.40346313 , 0.292399 , 0.294363 
 202 , 8457.52477503 , 0.30042 , 0.294363 
 203 , 8488.49663496 , 0.296733 , 0.294363 
 204 , 8519.56206799 , 0.299642 , 0.294363 
 205 , 8603.67904401 , 0.294293 , 0.293424 
 206 , 8634.53337312 , 0.298276 , 0.293424 
 207 , 8665.47745299 , 0.299883 , 0.293424 
 208 , 8696.349756 , 0.296964 , 0.293424 
 209 , 8727.25792909 , 0.29468 , 0.293424 
 210 , 8811.400846 , 0.296453 , 0.294952 
 211 , 8842.28766108 , 0.296537 , 0.294952 
 212 , 8873.21470308 , 0.299893 , 0.294952 
 213 , 8904.18467808 , 0.297765 , 0.294952 
 214 , 8935.17737508 , 0.297445 , 0.294952 
 215 , 9019.33287811 , 0.295036 , 0.292943 
 216 , 9050.34188604 , 0.295686 , 0.292943 
 217 , 9081.29370809 , 0.295096 , 0.292943 
 218 , 9112.25420809 , 0.295928 , 0.292943 
 219 , 9143.30021596 , 0.293309 , 0.292943 
 220 , 9227.4765451 , 0.293687 , 0.294361 
 221 , 9258.43140292 , 0.296126 , 0.294361 
 222 , 9289.41257405 , 0.29424 , 0.294361 
 223 , 9320.34370303 , 0.292946 , 0.294361 
 224 , 9351.28031802 , 0.29324 , 0.294361 
 225 , 9435.42953396 , 0.300777 , 0.293126 
 226 , 9466.32390594 , 0.295995 , 0.293126 
 227 , 9497.27751708 , 0.29773 , 0.293126 
 228 , 9528.24415612 , 0.292604 , 0.293126 
 229 , 9559.22839808 , 0.293003 , 0.293126 
 230 , 9643.31027293 , 0.297836 , 0.292948 
 231 , 9674.30809498 , 0.294088 , 0.292948 
 232 , 9705.28610802 , 0.296351 , 0.292948 
 233 , 9736.30438495 , 0.293556 , 0.292948 
 234 , 9767.31587911 , 0.298304 , 0.292948 
 235 , 9851.37432313 , 0.295253 , 0.295026 
 236 , 9882.29567599 , 0.293636 , 0.295026 
 237 , 9913.21426105 , 0.296339 , 0.295026 
 238 , 9944.18412709 , 0.292414 , 0.295026 
 239 , 9975.16032505 , 0.293187 , 0.295026 
 240 , 10059.3092749 , 0.294856 , 0.291724 
 241 , 10090.313462 , 0.294817 , 0.291724 
 242 , 10121.280935 , 0.295625 , 0.291724 
 243 , 10152.2057741 , 0.29523 , 0.291724 
 244 , 10183.248076 , 0.291891 , 0.291724 
 245 , 10267.3020761 , 0.294144 , 0.292169 
 246 , 10298.1792781 , 0.299151 , 0.292169 
 247 , 10329.1853781 , 0.296955 , 0.292169 
 248 , 10360.185802 , 0.299129 , 0.292169 
 249 , 10391.2306499 , 0.293847 , 0.292169 
 250 , 10475.293889 , 0.294765 , 0.292352 
 251 , 10506.3237469 , 0.293935 , 0.292352 
 252 , 10537.2750871 , 0.293577 , 0.292352 
 253 , 10568.226053 , 0.289823 , 0.292352 
 254 , 10599.1689901 , 0.293813 , 0.292352 
 255 , 10683.2214181 , 0.29963 , 0.291279 
 256 , 10714.2525001 , 0.295014 , 0.291279 
 257 , 10745.1565461 , 0.291193 , 0.291279 
 258 , 10776.082556 , 0.296443 , 0.291279 
 259 , 10807.14065 , 0.294409 , 0.291279 
 260 , 10891.4529669 , 0.293385 , 0.291103 
 261 , 10922.4518151 , 0.290604 , 0.291103 
 262 , 10953.3783541 , 0.292018 , 0.291103 
 263 , 10984.4366431 , 0.293631 , 0.291103 
 264 , 11015.5842471 , 0.295615 , 0.291103 
 265 , 11099.7273021 , 0.297226 , 0.295234 
 266 , 11130.769825 , 0.294123 , 0.295234 
 267 , 11161.8039219 , 0.295526 , 0.295234 
 268 , 11192.758605 , 0.293264 , 0.295234 
 269 , 11223.896735 , 0.291983 , 0.295234 
 270 , 11307.9809489 , 0.293857 , 0.292336 
 271 , 11339.0126619 , 0.293226 , 0.292336 
 272 , 11370.0290301 , 0.289873 , 0.292336 
 273 , 11401.229717 , 0.291542 , 0.292336 
 274 , 11432.2575209 , 0.295267 , 0.292336 
 275 , 11516.4450171 , 0.293385 , 0.291254 
 276 , 11547.4952819 , 0.294681 , 0.291254 
 277 , 11578.596169 , 0.295262 , 0.291254 
 278 , 11609.5695591 , 0.29292 , 0.291254 
 279 , 11640.6885769 , 0.294592 , 0.291254 
 280 , 11729.8274269 , 0.29448 , 0.29059 
 281 , 11760.8574929 , 0.291537 , 0.29059 
 282 , 11791.8039091 , 0.292937 , 0.29059 
 283 , 11822.8704519 , 0.29522 , 0.29059 
 284 , 11853.869025 , 0.295739 , 0.29059 
 285 , 11937.9765999 , 0.29499 , 0.290635 
 286 , 11968.8853581 , 0.292687 , 0.290635 
 287 , 11999.903548 , 0.291373 , 0.290635 
 288 , 12030.927259 , 0.291462 , 0.290635 
 289 , 12061.963506 , 0.293986 , 0.290635 
 290 , 12146.0853591 , 0.291072 , 0.292303 
 291 , 12176.91659 , 0.291199 , 0.292303 
 292 , 12207.9778271 , 0.291204 , 0.292303 
 293 , 12239.0822849 , 0.2906 , 0.292303 
 294 , 12270.043505 , 0.294322 , 0.292303 
 295 , 12354.13392 , 0.292383 , 0.289738 
 296 , 12385.1313469 , 0.292776 , 0.289738 
 297 , 12416.0830011 , 0.291196 , 0.289738 
 298 , 12446.9784989 , 0.293626 , 0.289738 
 299 , 12477.991246 , 0.294466 , 0.289738 
 300 , 12561.8806701 , 0.293144 , 0.29034 
 301 , 12592.7012711 , 0.29447 , 0.29034 
 302 , 12623.7944911 , 0.293971 , 0.29034 
 303 , 12654.794013 , 0.293398 , 0.29034 
 304 , 12685.6959581 , 0.297821 , 0.29034 
 305 , 12769.8172791 , 0.292508 , 0.289989 
 306 , 12800.7619371 , 0.289198 , 0.289989 
 307 , 12831.7397139 , 0.295545 , 0.289989 
 308 , 12862.6337399 , 0.290979 , 0.289989 
 309 , 12893.6066871 , 0.291425 , 0.289989 
 310 , 12977.7619431 , 0.292963 , 0.289753 
 311 , 13008.6630599 , 0.295181 , 0.289753 
 312 , 13039.7628109 , 0.29202 , 0.289753 
 313 , 13070.70172 , 0.294418 , 0.289753 
 314 , 13101.601284 , 0.286543 , 0.289753 
 315 , 13185.6811681 , 0.293779 , 0.289982 
 316 , 13216.660351 , 0.289727 , 0.289982 
 317 , 13247.567219 , 0.295585 , 0.289982 
 318 , 13278.5088899 , 0.29281 , 0.289982 
 319 , 13309.4788401 , 0.289669 , 0.289982 
 320 , 13393.7050459 , 0.290909 , 0.290731 
 321 , 13424.672544 , 0.290859 , 0.290731 
 322 , 13455.651016 , 0.290479 , 0.290731 
 323 , 13486.6151049 , 0.28963 , 0.290731 
 324 , 13517.64467 , 0.293435 , 0.290731 
 325 , 13601.7413871 , 0.293668 , 0.289922 
 326 , 13632.790961 , 0.290529 , 0.289922 
 327 , 13663.721684 , 0.294558 , 0.289922 
 328 , 13694.693994 , 0.291054 , 0.289922 
 329 , 13725.7349241 , 0.292373 , 0.289922 
 330 , 13810.0312231 , 0.292461 , 0.289376 
 331 , 13841.069679 , 0.29135 , 0.289376 
 332 , 13872.0917389 , 0.294581 , 0.289376 
 333 , 13903.093394 , 0.291081 , 0.289376 
 334 , 13934.145977 , 0.287906 , 0.289376 
 335 , 14018.2685931 , 0.293812 , 0.288604 
 336 , 14049.313071 , 0.290093 , 0.288604 
 337 , 14080.2629089 , 0.291176 , 0.288604 
 338 , 14111.3587 , 0.289673 , 0.288604 
 339 , 14142.420948 , 0.293795 , 0.288604 
 340 , 14226.584538 , 0.292141 , 0.288373 
 341 , 14257.5598681 , 0.291998 , 0.288373 
 342 , 14288.589005 , 0.292229 , 0.288373 
 343 , 14319.567838 , 0.293032 , 0.288373 
 344 , 14350.6419339 , 0.291975 , 0.288373 
 345 , 14434.661634 , 0.293544 , 0.288271 
 346 , 14465.5967181 , 0.291908 , 0.288271 
 347 , 14496.6004331 , 0.294211 , 0.288271 
 348 , 14527.620609 , 0.292263 , 0.288271 
 349 , 14558.6689279 , 0.292911 , 0.288271 
 350 , 14642.993927 , 0.289283 , 0.289075 
 351 , 14673.99492 , 0.292409 , 0.289075 
 352 , 14705.0694311 , 0.29488 , 0.289075 
 353 , 14736.0652289 , 0.292759 , 0.289075 
 354 , 14767.0017591 , 0.290804 , 0.289075 
 355 , 14851.209394 , 0.29078 , 0.289224 
 356 , 14882.270623 , 0.290636 , 0.289224 
 357 , 14913.260587 , 0.290984 , 0.289224 
 358 , 14944.2267661 , 0.288175 , 0.289224 
 359 , 14975.3289731 , 0.287541 , 0.289224 
 360 , 15059.5829451 , 0.29188 , 0.288768 
 361 , 15090.6100471 , 0.291714 , 0.288768 
 362 , 15121.6247931 , 0.292049 , 0.288768 
 363 , 15152.62166 , 0.29658 , 0.288768 
 364 , 15183.5851901 , 0.293669 , 0.288768 
 365 , 15267.7524431 , 0.293562 , 0.288025 
 366 , 15298.721853 , 0.292926 , 0.288025 
 367 , 15329.755748 , 0.289541 , 0.288025 
 368 , 15360.7455301 , 0.293137 , 0.288025 
 369 , 15391.778496 , 0.292876 , 0.288025 
 370 , 15475.8138039 , 0.291279 , 0.289783 
 371 , 15506.8914959 , 0.294406 , 0.289783 
 372 , 15537.8842411 , 0.287134 , 0.289783 
 373 , 15568.805027 , 0.291086 , 0.289783 
 374 , 15599.8701661 , 0.29385 , 0.289783 
 375 , 15684.0100691 , 0.290951 , 0.288153 
 376 , 15715.0174491 , 0.293884 , 0.288153 
 377 , 15746.0942969 , 0.294995 , 0.288153 
 378 , 15777.1306009 , 0.29494 , 0.288153 
 379 , 15808.0615721 , 0.289934 , 0.288153 
 380 , 15892.242672 , 0.290963 , 0.28747 
 381 , 15923.242564 , 0.28934 , 0.28747 
 382 , 15954.3094711 , 0.293854 , 0.28747 
 383 , 15985.194345 , 0.291002 , 0.28747 
 384 , 16016.207809 , 0.289789 , 0.28747 
 385 , 16100.3182039 , 0.291517 , 0.287377 
 386 , 16131.3058729 , 0.291506 , 0.287377 
 387 , 16162.2975371 , 0.290813 , 0.287377 
 388 , 16193.271313 , 0.291318 , 0.287377 
 389 , 16224.190552 , 0.29029 , 0.287377 
 390 , 16308.345649 , 0.289306 , 0.287119 
 391 , 16339.3440821 , 0.294853 , 0.287119 
 392 , 16370.4183681 , 0.291613 , 0.287119 
 393 , 16401.494175 , 0.294848 , 0.287119 
 394 , 16432.4411581 , 0.28955 , 0.287119 
 395 , 16516.6498439 , 0.29198 , 0.288356 
 396 , 16547.6936061 , 0.292046 , 0.288356 
 397 , 16578.608829 , 0.290815 , 0.288356 
 398 , 16609.5724711 , 0.289612 , 0.288356 
 399 , 16640.5877781 , 0.290206 , 0.288356 
 400 , 16724.666136 , 0.29228 , 0.287896 
 401 , 16755.614372 , 0.289396 , 0.287896 
 402 , 16786.576427 , 0.29116 , 0.287896 
 403 , 16817.5386531 , 0.289169 , 0.287896 
 404 , 16848.482708 , 0.287096 , 0.287896 
 405 , 16932.5296931 , 0.293486 , 0.286853 
 406 , 16963.448437 , 0.28629 , 0.286853 
 407 , 16994.414216 , 0.289501 , 0.286853 
 408 , 17025.3640871 , 0.283487 , 0.286853 
 409 , 17056.3674281 , 0.2908 , 0.286853 
 410 , 17140.5882561 , 0.291956 , 0.287601 
 411 , 17171.5002811 , 0.290127 , 0.287601 
 412 , 17202.5733581 , 0.289204 , 0.287601 
 413 , 17233.683996 , 0.292282 , 0.287601 
 414 , 17264.710896 , 0.288843 , 0.287601 
 415 , 17348.874475 , 0.287367 , 0.287305 
 416 , 17379.8204331 , 0.292444 , 0.287305 
 417 , 17410.8562481 , 0.286793 , 0.287305 
 418 , 17441.851928 , 0.292095 , 0.287305 
 419 , 17472.84498 , 0.290408 , 0.287305 
 420 , 17556.9969821 , 0.288901 , 0.286761 
 421 , 17588.036499 , 0.289261 , 0.286761 
 422 , 17619.0135851 , 0.286944 , 0.286761 
 423 , 17649.9458551 , 0.292337 , 0.286761 
 424 , 17680.8719189 , 0.288412 , 0.286761 
 425 , 17764.9766681 , 0.287648 , 0.28706 
 426 , 17795.839252 , 0.290037 , 0.28706 
 427 , 17826.96717 , 0.288078 , 0.28706 
 428 , 17858.0022509 , 0.289146 , 0.28706 
 429 , 17888.9138191 , 0.292266 , 0.28706 
 430 , 17972.982362 , 0.290055 , 0.286939 
 431 , 18004.0244031 , 0.289134 , 0.286939 
 432 , 18035.0240111 , 0.285927 , 0.286939 
 433 , 18066.195941 , 0.290437 , 0.286939 
 434 , 18097.224828 , 0.290177 , 0.286939 
 435 , 18181.3450351 , 0.289231 , 0.287612 
 436 , 18212.45929 , 0.293346 , 0.287612 
 437 , 18243.4779141 , 0.29378 , 0.287612 
 438 , 18274.5205829 , 0.287966 , 0.287612 
 439 , 18305.4998441 , 0.288106 , 0.287612 
 440 , 18389.767462 , 0.284896 , 0.286347 
 441 , 18420.78161 , 0.288478 , 0.286347 
 442 , 18451.899322 , 0.288121 , 0.286347 
 443 , 18482.9581771 , 0.289622 , 0.286347 
 444 , 18518.773706 , 0.287046 , 0.286347 
 445 , 18602.9914031 , 0.288217 , 0.287078 
 446 , 18634.0009861 , 0.289201 , 0.287078 
 447 , 18665.024684 , 0.286381 , 0.287078 
 448 , 18695.8835611 , 0.286266 , 0.287078 
 449 , 18726.9558961 , 0.293023 , 0.287078 
 450 , 18811.007802 , 0.287115 , 0.287123 
 451 , 18842.0461881 , 0.289186 , 0.287123 
 452 , 18873.077548 , 0.289133 , 0.287123 
 453 , 18904.0838611 , 0.287864 , 0.287123 
 454 , 18935.064966 , 0.291496 , 0.287123 
 455 , 19019.2756541 , 0.287643 , 0.285975 
 456 , 19050.2784719 , 0.287905 , 0.285975 
 457 , 19081.348592 , 0.286694 , 0.285975 
 458 , 19112.3979251 , 0.291151 , 0.285975 
 459 , 19143.3302281 , 0.289085 , 0.285975 
 460 , 19227.492502 , 0.289031 , 0.287754 
 461 , 19258.5588491 , 0.289848 , 0.287754 
 462 , 19289.585222 , 0.287121 , 0.287754 
 463 , 19320.661588 , 0.290343 , 0.287754 
 464 , 19351.6221881 , 0.290969 , 0.287754 
 465 , 19435.885875 , 0.288619 , 0.28639 
 466 , 19466.756609 , 0.287574 , 0.28639 
 467 , 19497.6983261 , 0.288987 , 0.28639 
 468 , 19528.767529 , 0.292383 , 0.28639 
 469 , 19559.8782661 , 0.285762 , 0.28639 
 470 , 19644.0692379 , 0.287072 , 0.285846 
 471 , 19674.979898 , 0.290017 , 0.285846 
 472 , 19706.013876 , 0.288089 , 0.285846 
 473 , 19736.9907851 , 0.289501 , 0.285846 
 474 , 19767.9963861 , 0.287994 , 0.285846 
 475 , 19852.1770611 , 0.292982 , 0.286666 
 476 , 19883.203747 , 0.28802 , 0.286666 
 477 , 19914.2511551 , 0.287715 , 0.286666 
 478 , 19945.345216 , 0.292066 , 0.286666 
 479 , 19976.3665481 , 0.290531 , 0.286666 
 480 , 20060.6225281 , 0.290149 , 0.286976 
 481 , 20091.5529339 , 0.289234 , 0.286976 
 482 , 20122.5631621 , 0.289609 , 0.286976 
 483 , 20153.601058 , 0.287979 , 0.286976 
 484 , 20184.6254079 , 0.288148 , 0.286976 
 485 , 20268.85426 , 0.286063 , 0.286013 
 486 , 20299.8088911 , 0.289287 , 0.286013 
 487 , 20330.8006911 , 0.286028 , 0.286013 
 488 , 20361.796052 , 0.292401 , 0.286013 
 489 , 20392.760402 , 0.287904 , 0.286013 
 490 , 20476.9359431 , 0.286662 , 0.285628 
 491 , 20508.096606 , 0.29084 , 0.285628 
 492 , 20539.186692 , 0.285992 , 0.285628 
 493 , 20570.166275 , 0.288568 , 0.285628 
 494 , 20601.148222 , 0.290018 , 0.285628 
 495 , 20685.354913 , 0.287947 , 0.285768 
 496 , 20716.320823 , 0.288518 , 0.285768 
 497 , 20747.3152211 , 0.289397 , 0.285768 
 498 , 20778.376148 , 0.291825 , 0.285768 
 499 , 20809.4676759 , 0.283137 , 0.285768 
 500 , 20893.646682 , 0.288347 , 0.28696 
 501 , 20924.5436649 , 0.290038 , 0.28696 
 502 , 20955.6407521 , 0.286447 , 0.28696 
 503 , 20986.5987899 , 0.286466 , 0.28696 
 504 , 21017.6742799 , 0.28809 , 0.28696 
 505 , 21101.7777901 , 0.288162 , 0.286402 
 506 , 21132.7730939 , 0.289559 , 0.286402 
 507 , 21163.7635071 , 0.288196 , 0.286402 
 508 , 21194.8494091 , 0.287761 , 0.286402 
 509 , 21225.8396261 , 0.289406 , 0.286402 
 510 , 21309.980921 , 0.286286 , 0.285951 
 511 , 21340.9352469 , 0.289445 , 0.285951 
 512 , 21371.915683 , 0.286838 , 0.285951 
 513 , 21402.955282 , 0.292641 , 0.285951 
 514 , 21434.083534 , 0.289358 , 0.285951 
 515 , 21518.3159571 , 0.287088 , 0.285067 
 516 , 21549.2685261 , 0.288156 , 0.285067 
 517 , 21580.318028 , 0.288027 , 0.285067 
 518 , 21611.3569701 , 0.288079 , 0.285067 
 519 , 21642.3778691 , 0.290114 , 0.285067 
 520 , 21726.5954881 , 0.290974 , 0.285258 
 521 , 21757.5819039 , 0.288642 , 0.285258 
 522 , 21788.695528 , 0.287782 , 0.285258 
 523 , 21819.930743 , 0.285802 , 0.285258 
 524 , 21850.8861241 , 0.287875 , 0.285258 
 525 , 21934.9471161 , 0.285732 , 0.287146 
 526 , 21965.889035 , 0.288634 , 0.287146 
 527 , 21996.9194529 , 0.287643 , 0.287146 
 528 , 22027.8587461 , 0.289906 , 0.287146 
 529 , 22058.962657 , 0.288994 , 0.287146 
 530 , 22143.2483749 , 0.285183 , 0.288688 
 531 , 22174.3024051 , 0.290679 , 0.288688 
 532 , 22205.319365 , 0.287752 , 0.288688 
 533 , 22236.2499959 , 0.287816 , 0.288688 
 534 , 22267.2593989 , 0.287596 , 0.288688 
 535 , 22351.375654 , 0.288267 , 0.285729 
 536 , 22382.391273 , 0.284203 , 0.285729 
 537 , 22413.2366941 , 0.290219 , 0.285729 
 538 , 22444.2971911 , 0.287673 , 0.285729 
 539 , 22475.2116799 , 0.286518 , 0.285729 
 540 , 22559.391253 , 0.287545 , 0.284649 
 541 , 22590.2771261 , 0.285575 , 0.284649 
 542 , 22621.3281679 , 0.28592 , 0.284649 
 543 , 22652.4451451 , 0.28878 , 0.284649 
 544 , 22683.565068 , 0.286075 , 0.284649 
 545 , 22767.711344 , 0.288834 , 0.284752 
 546 , 22798.779247 , 0.287886 , 0.284752 
 547 , 22829.89709 , 0.287497 , 0.284752 
 548 , 22860.9956369 , 0.289514 , 0.284752 
 549 , 22892.0866821 , 0.287137 , 0.284752 
 550 , 22976.265697 , 0.285755 , 0.286474 
 551 , 23007.268029 , 0.286115 , 0.286474 
 552 , 23038.2543709 , 0.282556 , 0.286474 
 553 , 23069.2955379 , 0.289063 , 0.286474 
 554 , 23100.2005041 , 0.282878 , 0.286474 
 555 , 23184.2932701 , 0.287517 , 0.287464 
 556 , 23215.226752 , 0.291053 , 0.287464 
 557 , 23246.25845 , 0.285037 , 0.287464 
 558 , 23277.2111731 , 0.28655 , 0.287464 
 559 , 23308.1906061 , 0.286681 , 0.287464 
 560 , 23392.240577 , 0.288557 , 0.285044 
 561 , 23423.2861199 , 0.286713 , 0.285044 
 562 , 23454.341109 , 0.291397 , 0.285044 
 563 , 23485.4836171 , 0.28349 , 0.285044 
 564 , 23516.3666589 , 0.286424 , 0.285044 
 565 , 23600.7974801 , 0.287932 , 0.284662 
 566 , 23631.6834471 , 0.288377 , 0.284662 
 567 , 23662.7211599 , 0.28529 , 0.284662 
 568 , 23693.6506851 , 0.288765 , 0.284662 
 569 , 23724.748595 , 0.286705 , 0.284662 
 570 , 23808.994952 , 0.28661 , 0.284046 
 571 , 23839.9599221 , 0.284966 , 0.284046 
 572 , 23870.941371 , 0.288745 , 0.284046 
 573 , 23901.9500711 , 0.285001 , 0.284046 
 574 , 23933.0047991 , 0.28801 , 0.284046 
 575 , 24017.247319 , 0.286456 , 0.286681 
 576 , 24048.2052581 , 0.288828 , 0.286681 
 577 , 24079.1698451 , 0.286816 , 0.286681 
 578 , 24110.1857409 , 0.292766 , 0.286681 
 579 , 24141.2407231 , 0.286246 , 0.286681 
 580 , 24225.37253 , 0.287597 , 0.284028 
 581 , 24256.352344 , 0.284722 , 0.284028 
 582 , 24287.3866429 , 0.287247 , 0.284028 
 583 , 24318.488349 , 0.290346 , 0.284028 
 584 , 24349.578567 , 0.28838 , 0.284028 
 585 , 24433.5750911 , 0.290295 , 0.284767 
 586 , 24464.487993 , 0.287308 , 0.284767 
 587 , 24495.5742421 , 0.286597 , 0.284767 
 588 , 24526.6439731 , 0.28449 , 0.284767 
 589 , 24557.5899601 , 0.285916 , 0.284767 
 590 , 24641.6954591 , 0.289511 , 0.284193 
 591 , 24672.763891 , 0.287347 , 0.284193 
 592 , 24703.8090789 , 0.288945 , 0.284193 
 593 , 24734.9131451 , 0.28503 , 0.284193 
 594 , 24766.007966 , 0.286817 , 0.284193 
 595 , 24850.236953 , 0.287318 , 0.284211 
 596 , 24881.2457039 , 0.290338 , 0.284211 
 597 , 24912.2188489 , 0.287166 , 0.284211 
 598 , 24943.2651451 , 0.291663 , 0.284211 
 599 , 24974.220145 , 0.28393 , 0.284211 
 600 , 25058.4252169 , 0.287258 , 0.284315 
 601 , 25089.4827349 , 0.291924 , 0.284315 
 602 , 25120.4321671 , 0.288363 , 0.284315 
 603 , 25151.444387 , 0.284218 , 0.284315 
 604 , 25182.4890051 , 0.284781 , 0.284315 
 605 , 25266.5872281 , 0.288784 , 0.283813 
 606 , 25297.5626061 , 0.290658 , 0.283813 
 607 , 25328.6938341 , 0.286334 , 0.283813 
 608 , 25359.622247 , 0.290306 , 0.283813 
 609 , 25390.841198 , 0.285034 , 0.283813 
 610 , 25475.2595639 , 0.287065 , 0.283202 
 611 , 25506.3139031 , 0.284761 , 0.283202 
 612 , 25537.225703 , 0.287415 , 0.283202 
 613 , 25568.2036071 , 0.289016 , 0.283202 
 614 , 25599.235023 , 0.289443 , 0.283202 
 615 , 25683.262958 , 0.288019 , 0.286223 
 616 , 25714.2868071 , 0.284678 , 0.286223 
 617 , 25745.286649 , 0.289936 , 0.286223 
 618 , 25776.296349 , 0.287087 , 0.286223 
 619 , 25807.326438 , 0.290268 , 0.286223 
 620 , 25891.5728071 , 0.287643 , 0.285013 
 621 , 25922.627646 , 0.28639 , 0.285013 
 622 , 25953.783396 , 0.286322 , 0.285013 
 623 , 25984.8494921 , 0.280704 , 0.285013 
 624 , 26015.860379 , 0.289001 , 0.285013 
 625 , 26100.249217 , 0.285927 , 0.285603 
 626 , 26131.307972 , 0.288023 , 0.285603 
 627 , 26162.2522659 , 0.292038 , 0.285603 
 628 , 26193.322057 , 0.287517 , 0.285603 
 629 , 26224.3591039 , 0.28256 , 0.285603 
 630 , 26308.5032651 , 0.289449 , 0.284049 
 631 , 26339.5692689 , 0.286706 , 0.284049 
 632 , 26370.513617 , 0.286994 , 0.284049 
 633 , 26401.502794 , 0.288227 , 0.284049 
 634 , 26432.4452231 , 0.287169 , 0.284049 
 635 , 26516.633173 , 0.286165 , 0.284017 
 636 , 26547.614377 , 0.285778 , 0.284017 
 637 , 26578.5731051 , 0.28706 , 0.284017 
 638 , 26609.6612799 , 0.284229 , 0.284017 
 639 , 26640.678237 , 0.28396 , 0.284017 
 640 , 26724.7749131 , 0.290658 , 0.284393 
 641 , 26755.8618259 , 0.286676 , 0.284393 
 642 , 26786.8925509 , 0.287222 , 0.284393 
 643 , 26817.883409 , 0.289818 , 0.284393 
 644 , 26848.918077 , 0.289833 , 0.284393 
 645 , 26933.072396 , 0.288212 , 0.283339 
 646 , 26964.1128831 , 0.289919 , 0.283339 
 647 , 26995.1902089 , 0.283835 , 0.283339 
 648 , 27026.2574019 , 0.282061 , 0.283339 
 649 , 27057.3503261 , 0.284847 , 0.283339 
 650 , 27141.487859 , 0.284695 , 0.283333 
 651 , 27172.5775361 , 0.287388 , 0.283333 
 652 , 27203.5446341 , 0.286022 , 0.283333 
 653 , 27234.6355581 , 0.287429 , 0.283333 
 654 , 27265.6142311 , 0.287586 , 0.283333 
 655 , 27349.6922271 , 0.283556 , 0.283408 
 656 , 27380.6830201 , 0.286937 , 0.283408 
 657 , 27411.708334 , 0.281354 , 0.283408 
 658 , 27442.7491851 , 0.287678 , 0.283408 
 659 , 27473.8684931 , 0.287315 , 0.283408 
 660 , 27557.9493091 , 0.28847 , 0.284349 
 661 , 27588.9372981 , 0.287798 , 0.284349 
 662 , 27620.0457761 , 0.289262 , 0.284349 
 663 , 27650.9970319 , 0.28566 , 0.284349 
 664 , 27682.0115001 , 0.288707 , 0.284349 
 665 , 27766.3018041 , 0.284819 , 0.28522 
 666 , 27797.3909659 , 0.289067 , 0.28522 
 667 , 27828.322763 , 0.286727 , 0.28522 
 668 , 27859.3503611 , 0.283669 , 0.28522 
 669 , 27890.322335 , 0.28723 , 0.28522 
 670 , 27974.5417731 , 0.286325 , 0.285443 
 671 , 28005.528549 , 0.284949 , 0.285443 
 672 , 28036.5287371 , 0.290099 , 0.285443 
 673 , 28067.5326371 , 0.287591 , 0.285443 
 674 , 28098.570972 , 0.286012 , 0.285443 
 675 , 28182.6655371 , 0.286246 , 0.28354 
 676 , 28213.695498 , 0.284303 , 0.28354 
 677 , 28244.652178 , 0.28628 , 0.28354 
 678 , 28275.6082511 , 0.285179 , 0.28354 
 679 , 28306.594487 , 0.288057 , 0.28354 
 680 , 28390.7427471 , 0.28872 , 0.284037 
 681 , 28421.6317601 , 0.286916 , 0.284037 
 682 , 28452.58055 , 0.28559 , 0.284037 
 683 , 28483.6047041 , 0.282649 , 0.284037 
 684 , 28514.6575739 , 0.287917 , 0.284037 
 685 , 28598.9396479 , 0.287072 , 0.283432 
 686 , 28629.8650491 , 0.286569 , 0.283432 
 687 , 28660.7480571 , 0.285609 , 0.283432 
 688 , 28691.750201 , 0.286624 , 0.283432 
 689 , 28722.7923679 , 0.286202 , 0.283432 
 690 , 28806.9430721 , 0.286892 , 0.284253 
 691 , 28837.90044 , 0.288112 , 0.284253 
 692 , 28868.901643 , 0.287012 , 0.284253 
 693 , 28899.8795459 , 0.286491 , 0.284253 
 694 , 28930.9039521 , 0.288646 , 0.284253 
 695 , 29015.2493851 , 0.286875 , 0.283316 
 696 , 29046.3881991 , 0.285745 , 0.283316 
 697 , 29077.410553 , 0.290568 , 0.283316 
 698 , 29108.4760301 , 0.286051 , 0.283316 
 699 , 29139.5041909 , 0.286301 , 0.283316 
 700 , 29223.645226 , 0.288492 , 0.283167 
 701 , 29254.5473289 , 0.288341 , 0.283167 
 702 , 29285.5823381 , 0.287503 , 0.283167 
 703 , 29316.500174 , 0.282724 , 0.283167 
 704 , 29347.473917 , 0.286292 , 0.283167 
 705 , 29431.764406 , 0.286012 , 0.282817 
 706 , 29462.8146269 , 0.285927 , 0.282817 
 707 , 29493.9093111 , 0.284953 , 0.282817 
 708 , 29524.8372791 , 0.285566 , 0.282817 
 709 , 29555.904613 , 0.286795 , 0.282817 
 710 , 29640.1247711 , 0.287705 , 0.286335 
 711 , 29671.119545 , 0.285024 , 0.286335 
 712 , 29702.110503 , 0.287253 , 0.286335 
 713 , 29733.1044691 , 0.284874 , 0.286335 
 714 , 29764.214438 , 0.286218 , 0.286335 
 715 , 29848.2014601 , 0.284125 , 0.28449 
 716 , 29879.160917 , 0.284579 , 0.28449 
 717 , 29910.214016 , 0.28464 , 0.28449 
 718 , 29941.267736 , 0.281657 , 0.28449 
 719 , 29972.322583 , 0.285208 , 0.28449 
 720 , 30056.3816659 , 0.284916 , 0.284674 
 721 , 30087.3780301 , 0.284276 , 0.284674 
 722 , 30118.3781149 , 0.287468 , 0.284674 
 723 , 30149.24173 , 0.285413 , 0.284674 
 724 , 30180.3298399 , 0.285551 , 0.284674 
 725 , 30264.679225 , 0.292008 , 0.283799 
 726 , 30295.775079 , 0.286492 , 0.283799 
 727 , 30326.7722399 , 0.285798 , 0.283799 
 728 , 30357.834157 , 0.285337 , 0.283799 
 729 , 30388.9452281 , 0.283183 , 0.283799 
 730 , 30473.2267141 , 0.290829 , 0.283931 
 731 , 30504.1922469 , 0.286472 , 0.283931 
 732 , 30535.0897601 , 0.289143 , 0.283931 
 733 , 30566.095891 , 0.287123 , 0.283931 
 734 , 30597.1267281 , 0.284754 , 0.283931 
 735 , 30681.133357 , 0.286354 , 0.283009 
 736 , 30712.1440179 , 0.286532 , 0.283009 
 737 , 30743.1997781 , 0.29066 , 0.283009 
 738 , 30774.3063421 , 0.289012 , 0.283009 
 739 , 30805.5812149 , 0.287516 , 0.283009 
 740 , 30889.7224669 , 0.289713 , 0.284154 
 741 , 30920.7250171 , 0.284775 , 0.284154 
 742 , 30951.6877511 , 0.290665 , 0.284154 
 743 , 30982.7489691 , 0.285293 , 0.284154 
 744 , 31013.76862 , 0.284837 , 0.284154 
 745 , 31097.952915 , 0.287354 , 0.282278 
 746 , 31128.9502671 , 0.28603 , 0.282278 
 747 , 31159.969862 , 0.28531 , 0.282278 
 748 , 31190.877074 , 0.286509 , 0.282278 
 749 , 31221.8602209 , 0.283679 , 0.282278 
 750 , 31306.0022521 , 0.286771 , 0.28363 
 751 , 31336.964401 , 0.28423 , 0.28363 
 752 , 31367.9563181 , 0.286922 , 0.28363 
 753 , 31399.1353259 , 0.287499 , 0.28363 
 754 , 31430.1424019 , 0.285646 , 0.28363 
 755 , 31514.364356 , 0.287266 , 0.28269 
 756 , 31545.3268449 , 0.281415 , 0.28269 
 757 , 31576.407326 , 0.284192 , 0.28269 
 758 , 31607.458756 , 0.286277 , 0.28269 
 759 , 31638.444324 , 0.287098 , 0.28269 
 760 , 31722.477668 , 0.285701 , 0.283681 
 761 , 31753.3782699 , 0.283232 , 0.283681 
 762 , 31784.4994731 , 0.284692 , 0.283681 
 763 , 31815.5374081 , 0.282708 , 0.283681 
 764 , 31846.5317609 , 0.288439 , 0.283681 
 765 , 31930.712697 , 0.284915 , 0.282443 
 766 , 31961.7267239 , 0.285745 , 0.282443 
 767 , 31992.689925 , 0.282205 , 0.282443 
 768 , 32023.7135429 , 0.283989 , 0.282443 
 769 , 32054.816802 , 0.284246 , 0.282443 
 770 , 32138.925283 , 0.286665 , 0.282303 
 771 , 32169.9340701 , 0.281549 , 0.282303 
 772 , 32200.991729 , 0.285358 , 0.282303 
 773 , 32231.9901919 , 0.287721 , 0.282303 
 774 , 32263.0078759 , 0.285966 , 0.282303 
 775 , 32347.1859441 , 0.288859 , 0.283645 
 776 , 32378.1804531 , 0.28624 , 0.283645 
 777 , 32409.320498 , 0.286909 , 0.283645 
 778 , 32440.4330571 , 0.283581 , 0.283645 
 779 , 32471.547735 , 0.285299 , 0.283645 
 780 , 32555.744956 , 0.286386 , 0.282433 
 781 , 32586.891808 , 0.285678 , 0.282433 
 782 , 32618.086576 , 0.287158 , 0.282433 
 783 , 32649.09519 , 0.284522 , 0.282433 
 784 , 32680.094295 , 0.284865 , 0.282433 
 785 , 32764.2541041 , 0.285226 , 0.283367 
 786 , 32795.195631 , 0.286599 , 0.283367 
 787 , 32826.18928 , 0.287201 , 0.283367 
 788 , 32857.2298441 , 0.287714 , 0.283367 
 789 , 32888.2403879 , 0.282502 , 0.283367 
 790 , 32972.3126969 , 0.287229 , 0.282357 
 791 , 33003.3320479 , 0.28566 , 0.282357 
 792 , 33034.3601639 , 0.280689 , 0.282357 
 793 , 33065.505728 , 0.285566 , 0.282357 
 794 , 33096.55229 , 0.283436 , 0.282357 
 795 , 33180.728581 , 0.287496 , 0.282671 
 796 , 33211.751169 , 0.285712 , 0.282671 
 797 , 33242.7191231 , 0.286109 , 0.282671 
 798 , 33273.721813 , 0.28244 , 0.282671 
 799 , 33304.824996 , 0.285653 , 0.282671 
 800 , 33388.933423 , 0.279403 , 0.283027 
 801 , 33420.0124891 , 0.285309 , 0.283027 
 802 , 33451.093595 , 0.283881 , 0.283027 
 803 , 33482.2323291 , 0.286346 , 0.283027 
 804 , 33513.2928979 , 0.288733 , 0.283027 
 805 , 33597.493499 , 0.282661 , 0.282754 
 806 , 33628.4597731 , 0.286579 , 0.282754 
 807 , 33659.6179559 , 0.285355 , 0.282754 
 808 , 33690.7788301 , 0.288393 , 0.282754 
 809 , 33721.8546431 , 0.286501 , 0.282754 
 810 , 33806.047858 , 0.28561 , 0.282978 
 811 , 33837.057543 , 0.28273 , 0.282978 
 812 , 33867.9891729 , 0.281128 , 0.282978 
 813 , 33898.9148619 , 0.284861 , 0.282978 
 814 , 33929.8764491 , 0.284521 , 0.282978 
 815 , 34014.191884 , 0.287482 , 0.283128 
 816 , 34045.3210859 , 0.284595 , 0.283128 
 817 , 34076.353899 , 0.286055 , 0.283128 
 818 , 34107.3835909 , 0.284818 , 0.283128 
 819 , 34138.5017281 , 0.284497 , 0.283128 
 820 , 34222.6384139 , 0.282627 , 0.282859 
 821 , 34253.6374099 , 0.284674 , 0.282859 
 822 , 34284.7263761 , 0.290625 , 0.282859 
 823 , 34315.8399551 , 0.286007 , 0.282859 
 824 , 34346.804625 , 0.284976 , 0.282859 
 825 , 34431.081434 , 0.285157 , 0.282632 
 826 , 34462.0340791 , 0.285504 , 0.282632 
 827 , 34493.0278671 , 0.285588 , 0.282632 
 828 , 34523.973907 , 0.284493 , 0.282632 
 829 , 34554.9265411 , 0.287333 , 0.282632 
 830 , 34639.1731889 , 0.287703 , 0.283707 
 831 , 34670.2262721 , 0.282341 , 0.283707 
 832 , 34701.2513671 , 0.291197 , 0.283707 
 833 , 34732.2652621 , 0.286664 , 0.283707 
 834 , 34763.292912 , 0.291275 , 0.283707 
 835 , 34847.4692991 , 0.285635 , 0.283296 
 836 , 34878.5079811 , 0.286593 , 0.283296 
 837 , 34909.5775831 , 0.283083 , 0.283296 
 838 , 34940.646853 , 0.287757 , 0.283296 
 839 , 34971.6825399 , 0.286633 , 0.283296 
 840 , 35055.80762 , 0.28411 , 0.282612 
 841 , 35086.711664 , 0.286193 , 0.282612 
 842 , 35117.701308 , 0.28575 , 0.282612 
 843 , 35148.7091601 , 0.282089 , 0.282612 
 844 , 35179.7645881 , 0.28564 , 0.282612 
 845 , 35263.8618569 , 0.285521 , 0.283201 
 846 , 35294.8887119 , 0.280033 , 0.283201 
 847 , 35325.8498921 , 0.285186 , 0.283201 
 848 , 35356.9316351 , 0.286678 , 0.283201 
 849 , 35387.870523 , 0.288147 , 0.283201 
 850 , 35471.9895639 , 0.290364 , 0.283632 
 851 , 35503.058989 , 0.283006 , 0.283632 
 852 , 35534.0475051 , 0.285508 , 0.283632 
 853 , 35565.0938239 , 0.284229 , 0.283632 
 854 , 35596.12098 , 0.284254 , 0.283632 
 855 , 35680.3771451 , 0.282286 , 0.283393 
 856 , 35711.5041971 , 0.28413 , 0.283393 
 857 , 35742.6498289 , 0.285253 , 0.283393 
 858 , 35773.598824 , 0.28381 , 0.283393 
 859 , 35804.7014911 , 0.283806 , 0.283393 
 860 , 35888.8486431 , 0.28512 , 0.283012 
 861 , 35919.8462851 , 0.286953 , 0.283012 
 862 , 35950.8848491 , 0.286348 , 0.283012 
 863 , 35981.86935 , 0.285307 , 0.283012 
 864 , 36012.8554001 , 0.286793 , 0.283012 
 865 , 36097.024977 , 0.284061 , 0.282034 
 866 , 36128.0841 , 0.284606 , 0.282034 
 867 , 36159.2416561 , 0.284076 , 0.282034 
 868 , 36190.4686201 , 0.284436 , 0.282034 
 869 , 36221.730994 , 0.287548 , 0.282034 
 870 , 36305.8813181 , 0.287258 , 0.282556 
 871 , 36336.9146931 , 0.284358 , 0.282556 
 872 , 36367.8803251 , 0.285321 , 0.282556 
 873 , 36398.882725 , 0.280201 , 0.282556 
 874 , 36429.88726 , 0.284544 , 0.282556 
 875 , 36514.0528941 , 0.284636 , 0.282665 
 876 , 36545.020257 , 0.285518 , 0.282665 
 877 , 36576.0078001 , 0.283867 , 0.282665 
 878 , 36607.0864341 , 0.282179 , 0.282665 
 879 , 36638.1650031 , 0.288014 , 0.282665 
 880 , 36722.4178491 , 0.290107 , 0.283504 
 881 , 36753.3597519 , 0.284855 , 0.283504 
 882 , 36784.3980939 , 0.284788 , 0.283504 
 883 , 36815.3706911 , 0.282166 , 0.283504 
 884 , 36846.448904 , 0.285748 , 0.283504 
 885 , 36930.5973611 , 0.281957 , 0.28237 
 886 , 36961.7309611 , 0.286368 , 0.28237 
 887 , 36992.772553 , 0.282359 , 0.28237 
 888 , 37023.819073 , 0.283333 , 0.28237 
 889 , 37054.871989 , 0.284041 , 0.28237 
 890 , 37138.948535 , 0.284213 , 0.283389 
 891 , 37170.0157971 , 0.283771 , 0.283389 
 892 , 37201.0592961 , 0.286567 , 0.283389 
 893 , 37232.1101201 , 0.279363 , 0.283389 
 894 , 37263.145575 , 0.286783 , 0.283389 
 895 , 37347.311049 , 0.280742 , 0.282195 
 896 , 37378.4422829 , 0.282992 , 0.282195 
 897 , 37409.274997 , 0.284829 , 0.282195 
 898 , 37440.25844 , 0.283323 , 0.282195 
 899 , 37471.3129351 , 0.280426 , 0.282195 
 900 , 37555.6175339 , 0.284646 , 0.281948 
 901 , 37586.6925371 , 0.283626 , 0.281948 
 902 , 37617.7007511 , 0.284882 , 0.281948 
 903 , 37648.8562241 , 0.286291 , 0.281948 
 904 , 37680.0307009 , 0.284562 , 0.281948 
 905 , 37764.2641909 , 0.284447 , 0.281972 
 906 , 37795.268019 , 0.283381 , 0.281972 
 907 , 37826.3565161 , 0.282847 , 0.281972 
 908 , 37857.3954899 , 0.286167 , 0.281972 
 909 , 37888.5859041 , 0.27996 , 0.281972 
 910 , 37972.735121 , 0.286527 , 0.284345 
 911 , 38003.890415 , 0.282681 , 0.284345 
 912 , 38034.913414 , 0.286214 , 0.284345 
 913 , 38065.8901341 , 0.284917 , 0.284345 
 914 , 38096.8887219 , 0.285132 , 0.284345 
 915 , 38181.0410271 , 0.284297 , 0.281435 
 916 , 38212.004472 , 0.283318 , 0.281435 
 917 , 38243.139149 , 0.286236 , 0.281435 
 918 , 38274.1235771 , 0.280583 , 0.281435 
 919 , 38305.1307759 , 0.288608 , 0.281435 
 920 , 38389.201982 , 0.288468 , 0.282023 
 921 , 38420.1841111 , 0.286188 , 0.282023 
 922 , 38451.1605 , 0.285023 , 0.282023 
 923 , 38482.155534 , 0.283998 , 0.282023 
 924 , 38513.10289 , 0.281677 , 0.282023 
 925 , 38597.419992 , 0.286231 , 0.282971 
 926 , 38628.4006 , 0.285052 , 0.282971 
 927 , 38659.423631 , 0.284769 , 0.282971 
 928 , 38690.5388479 , 0.284908 , 0.282971 
 929 , 38721.5974131 , 0.281013 , 0.282971 
 930 , 38805.7199931 , 0.285846 , 0.283305 
 931 , 38836.7682071 , 0.288958 , 0.283305 
 932 , 38867.736275 , 0.28265 , 0.283305 
 933 , 38898.8142841 , 0.289076 , 0.283305 
 934 , 38929.8383939 , 0.280279 , 0.283305 
 935 , 39014.0742681 , 0.281598 , 0.281684 
 936 , 39045.1055081 , 0.288266 , 0.281684 
 937 , 39076.1255269 , 0.283555 , 0.281684 
 938 , 39107.3033981 , 0.284519 , 0.281684 
 939 , 39138.346179 , 0.2821 , 0.281684 
 940 , 39222.5764899 , 0.284466 , 0.282162 
 941 , 39253.6642721 , 0.283385 , 0.282162 
 942 , 39284.655525 , 0.282779 , 0.282162 
 943 , 39315.758873 , 0.283496 , 0.282162 
 944 , 39346.7462151 , 0.282516 , 0.282162 
 945 , 39430.91942 , 0.283378 , 0.282394 
 946 , 39461.865819 , 0.287718 , 0.282394 
 947 , 39492.9178131 , 0.283645 , 0.282394 
 948 , 39524.0274801 , 0.285133 , 0.282394 
 949 , 39555.154819 , 0.283882 , 0.282394 
 950 , 39639.3540471 , 0.28576 , 0.281814 
 951 , 39670.420305 , 0.284445 , 0.281814 
 952 , 39701.4387009 , 0.286548 , 0.281814 
 953 , 39732.5974531 , 0.282434 , 0.281814 
 954 , 39763.6516089 , 0.283584 , 0.281814 
 955 , 39848.04703 , 0.285141 , 0.283683 
 956 , 39879.0588701 , 0.284895 , 0.283683 
 957 , 39910.035161 , 0.284919 , 0.283683 
 958 , 39941.104439 , 0.284782 , 0.283683 
 959 , 39972.066839 , 0.286091 , 0.283683 
 960 , 40056.1911781 , 0.285229 , 0.28123 
 961 , 40087.137641 , 0.283525 , 0.28123 
 962 , 40118.2504439 , 0.286315 , 0.28123 
 963 , 40149.333777 , 0.285971 , 0.28123 
 964 , 40180.362525 , 0.287272 , 0.28123 
 965 , 40264.5143011 , 0.283091 , 0.283241 
 966 , 40295.633503 , 0.282584 , 0.283241 
 967 , 40326.636179 , 0.282869 , 0.283241 
 968 , 40357.713114 , 0.284527 , 0.283241 
 969 , 40388.84179 , 0.283241 , 0.283241 
 970 , 40473.120425 , 0.284989 , 0.281313 
 971 , 40504.262439 , 0.286745 , 0.281313 
 972 , 40535.370755 , 0.283481 , 0.281313 
 973 , 40566.540082 , 0.287771 , 0.281313 
 974 , 40597.7129509 , 0.285524 , 0.281313 
 975 , 40682.0513051 , 0.282646 , 0.281042 
 976 , 40713.218734 , 0.287642 , 0.281042 
 977 , 40744.336566 , 0.285908 , 0.281042 
 978 , 40775.461205 , 0.285626 , 0.281042 
 979 , 40806.5577931 , 0.283349 , 0.281042 
 980 , 40890.8207171 , 0.282748 , 0.280649 
 981 , 40921.8019271 , 0.284117 , 0.280649 
 982 , 40953.004025 , 0.285532 , 0.280649 
 983 , 40983.966753 , 0.286466 , 0.280649 
 984 , 41014.9802001 , 0.28098 , 0.280649 
 985 , 41099.3416021 , 0.285327 , 0.281599 
 986 , 41130.5191541 , 0.282419 , 0.281599 
 987 , 41161.6665261 , 0.281409 , 0.281599 
 988 , 41192.7634439 , 0.286998 , 0.281599 
 989 , 41223.899914 , 0.281419 , 0.281599 
 990 , 41308.312628 , 0.284533 , 0.28119 
 991 , 41339.4845011 , 0.281922 , 0.28119 
 992 , 41370.6483929 , 0.279057 , 0.28119 
 993 , 41401.6730909 , 0.280864 , 0.28119 
 994 , 41432.876514 , 0.282799 , 0.28119 
 995 , 41517.1468451 , 0.285647 , 0.28079 
 996 , 41548.3065581 , 0.285581 , 0.28079 
 997 , 41579.496541 , 0.281086 , 0.28079 
 998 , 41611.057354 , 0.286344 , 0.28079 
 999 , 41642.019434 , 0.284563 , 0.28079 
 1000 , 41725.5649281 , 0.281638 , 0.281263 
