#wRandFlip 
#The training is running for 1000 chunks, each with 10000 images. That are about 220 epochs. The validation sample contains 6157 images. 
#round  ,time, mean_train_loss , mean_valid_loss, mean_sliced_accuracy, mean_train_loss_test, mean_accuracy 
#  starting learning rate to 0.010000 
 1 , 285.87135601 , 0.236127 , 0.0 , 0.0, 0.0, 0.0 
 2 , 556.049474955 , 0.294145 , 0.0 , 0.0, 0.0, 0.0 
 3 , 764.252180099 , 0.295153 , 0.0 , 0.0, 0.0, 0.0 
 4 , 969.898391962 , 0.292229 , 0.0 , 0.0, 0.0, 0.0 
 5 , 1175.83008599 , 0.287565 , 0.0 , 0.0, 0.0, 0.0 
 6 , 1397.30782008 , 0.287215 , 0.0 , 0.0, 0.0, 0.0 
 7 , 1603.11709905 , 0.286944 , 0.0 , 0.0, 0.0, 0.0 
 8 , 1808.80369902 , 0.286686 , 0.0 , 0.0, 0.0, 0.0 
 9 , 2014.48429394 , 0.286378 , 0.0 , 0.0, 0.0, 0.0 
#Free GPU Mem after validation step 4751.75 MiB 
 10 , 2344.90849495 , 0.286717 , 0.0 , 0.0, 0.0, 0.0 
#wRandFlip 
#The training is running for 1000 chunks, each with 10000 images. That are about 220 epochs. The validation sample contains 6157 images. 
#round  ,time, mean_train_loss , mean_valid_loss, mean_sliced_accuracy, mean_train_loss_test, mean_accuracy 
#  starting learning rate to 0.010000 
 1 , 314.804708004 , 0.122279 , 0.0 , 0.0, 0.0, 0.0 
 2 , 581.457461119 , 0.11329 , 0.0 , 0.0, 0.0, 0.0 
 3 , 787.765432119 , 0.106857 , 0.0 , 0.0, 0.0, 0.0 
 4 , 994.020680904 , 0.104489 , 0.0 , 0.0, 0.0, 0.0 
 5 , 1200.40744901 , 0.102831 , 0.0 , 0.0, 0.0, 0.0 
 6 , 1406.09332299 , 0.101905 , 0.0 , 0.0, 0.0, 0.0 
 7 , 1611.98860693 , 0.101638 , 0.0 , 0.0, 0.0, 0.0 
 8 , 1818.09234309 , 0.100432 , 0.0 , 0.0, 0.0, 0.0 
 9 , 2023.8333149 , 0.100148 , 0.0 , 0.0, 0.0, 0.0 
#Free GPU Mem after validation step 4752.75 MiB 
 10 , 2349.7264719 , 0.0996877 , 0.0 , 0.0, 0.0, 0.0 
 11 , 2556.21272612 , 0.0992142 , 0.0 , 0.0, 0.0, 0.0 
 12 , 2762.07331705 , 0.0989873 , 0.100623, 0.191311, 0.0983604, 0.799805  
 13 , 2967.74344707 , 0.0987844 , 0.100623, 0.191311, 0.0983604, 0.799805  
 14 , 3173.34246206 , 0.0983696 , 0.100623, 0.191311, 0.0983604, 0.799805  
 15 , 3378.99924397 , 0.0979323 , 0.100623, 0.191311, 0.0983604, 0.799805  
 16 , 3584.74092507 , 0.0971362 , 0.100623, 0.191311, 0.0983604, 0.799805  
 17 , 3791.01331306 , 0.0975804 , 0.100623, 0.191311, 0.0983604, 0.799805  
 18 , 3997.44308996 , 0.0969408 , 0.100623, 0.191311, 0.0983604, 0.799805  
 19 , 4203.8605051 , 0.097284 , 0.100623, 0.191311, 0.0983604, 0.799805  
 20 , 4471.99840593 , 0.0973042 , 0.0985049, 0.19117, 0.096132, 0.810221  
 21 , 4678.76630211 , 0.0973596 , 0.0985049, 0.19117, 0.096132, 0.810221  
 22 , 4885.51481891 , 0.0966089 , 0.0985049, 0.19117, 0.096132, 0.810221  
 23 , 5092.76691413 , 0.096662 , 0.0985049, 0.19117, 0.096132, 0.810221  
 24 , 5299.59897995 , 0.0962954 , 0.0985049, 0.19117, 0.096132, 0.810221  
 25 , 5506.66863108 , 0.0964648 , 0.0985049, 0.19117, 0.096132, 0.810221  
 26 , 5713.607728 , 0.096425 , 0.0985049, 0.19117, 0.096132, 0.810221  
 27 , 5920.70705605 , 0.0962189 , 0.0985049, 0.19117, 0.096132, 0.810221  
 28 , 6128.10626793 , 0.0960735 , 0.0985049, 0.19117, 0.096132, 0.810221  
 29 , 6335.62523198 , 0.0954027 , 0.0985049, 0.19117, 0.096132, 0.810221  
 30 , 6604.09427404 , 0.0957742 , 0.0980799, 0.188242, 0.0947164, 0.812012  
 31 , 6811.72220612 , 0.0959135 , 0.0980799, 0.188242, 0.0947164, 0.812012  
 32 , 7019.57850695 , 0.0964622 , 0.0980799, 0.188242, 0.0947164, 0.812012  
 33 , 7227.21826005 , 0.0961848 , 0.0980799, 0.188242, 0.0947164, 0.812012  
 34 , 7435.30201006 , 0.0959723 , 0.0980799, 0.188242, 0.0947164, 0.812012  
 35 , 7643.70649409 , 0.0954911 , 0.0980799, 0.188242, 0.0947164, 0.812012  
 36 , 7851.88224506 , 0.0951979 , 0.0980799, 0.188242, 0.0947164, 0.812012  
 37 , 8060.63580108 , 0.0954704 , 0.0980799, 0.188242, 0.0947164, 0.812012  
 38 , 8269.47169304 , 0.0956902 , 0.0980799, 0.188242, 0.0947164, 0.812012  
 39 , 8478.51355505 , 0.095645 , 0.0980799, 0.188242, 0.0947164, 0.812012  
 40 , 8748.21803808 , 0.0954021 , 0.0974744, 0.190281, 0.0944248, 0.816569  
 41 , 8956.38226891 , 0.0950939 , 0.0974744, 0.190281, 0.0944248, 0.816569  
 42 , 9164.78235507 , 0.0950332 , 0.0974744, 0.190281, 0.0944248, 0.816569  
 43 , 9373.31037712 , 0.0951984 , 0.0974744, 0.190281, 0.0944248, 0.816569  
 44 , 9581.75646496 , 0.09533 , 0.0974744, 0.190281, 0.0944248, 0.816569  
 45 , 9790.51973605 , 0.0951068 , 0.0974744, 0.190281, 0.0944248, 0.816569  
 46 , 9999.21252012 , 0.0952702 , 0.0974744, 0.190281, 0.0944248, 0.816569  
 47 , 10208.0179629 , 0.095067 , 0.0974744, 0.190281, 0.0944248, 0.816569  
 48 , 10416.847105 , 0.0956263 , 0.0974744, 0.190281, 0.0944248, 0.816569  
 49 , 10626.0303869 , 0.0948559 , 0.0974744, 0.190281, 0.0944248, 0.816569  
 50 , 10896.7124181 , 0.0945512 , 0.0970847, 0.190449, 0.0935966, 0.819499  
 51 , 11105.8896949 , 0.0946625 , 0.0970847, 0.190449, 0.0935966, 0.819499  
 52 , 11315.2976971 , 0.0945074 , 0.0970847, 0.190449, 0.0935966, 0.819499  
 53 , 11524.6677561 , 0.0947009 , 0.0970847, 0.190449, 0.0935966, 0.819499  
 54 , 11734.0354249 , 0.0945974 , 0.0970847, 0.190449, 0.0935966, 0.819499  
 55 , 11942.7246401 , 0.0953781 , 0.0970847, 0.190449, 0.0935966, 0.819499  
 56 , 12151.2889621 , 0.0946011 , 0.0970847, 0.190449, 0.0935966, 0.819499  
 57 , 12360.3722961 , 0.0945265 , 0.0970847, 0.190449, 0.0935966, 0.819499  
 58 , 12569.840981 , 0.0943715 , 0.0970847, 0.190449, 0.0935966, 0.819499  
 59 , 12778.8387091 , 0.0946539 , 0.0970847, 0.190449, 0.0935966, 0.819499  
 60 , 13049.8081529 , 0.0946794 , 0.0970357, 0.189076, 0.0937583, 0.822591  
 61 , 13259.1272409 , 0.0942898 , 0.0970357, 0.189076, 0.0937583, 0.822591  
 62 , 13468.7826869 , 0.0945103 , 0.0970357, 0.189076, 0.0937583, 0.822591  
 63 , 13678.1543131 , 0.0945324 , 0.0970357, 0.189076, 0.0937583, 0.822591  
 64 , 13887.4642131 , 0.0945301 , 0.0970357, 0.189076, 0.0937583, 0.822591  
 65 , 14097.2716551 , 0.0945478 , 0.0970357, 0.189076, 0.0937583, 0.822591  
 66 , 14306.4926269 , 0.0940348 , 0.0970357, 0.189076, 0.0937583, 0.822591  
 67 , 14515.950597 , 0.094335 , 0.0970357, 0.189076, 0.0937583, 0.822591  
 68 , 14726.108788 , 0.0939651 , 0.0970357, 0.189076, 0.0937583, 0.822591  
 69 , 14936.5895851 , 0.0942246 , 0.0970357, 0.189076, 0.0937583, 0.822591  
 70 , 15207.7830801 , 0.0945631 , 0.0967374, 0.186958, 0.0936778, 0.818685  
 71 , 15417.4820869 , 0.0945131 , 0.0967374, 0.186958, 0.0936778, 0.818685  
 72 , 15626.9566631 , 0.0940467 , 0.0967374, 0.186958, 0.0936778, 0.818685  
 73 , 15836.7165651 , 0.0944758 , 0.0967374, 0.186958, 0.0936778, 0.818685  
 74 , 16046.8480589 , 0.0940442 , 0.0967374, 0.186958, 0.0936778, 0.818685  
 75 , 16256.7150691 , 0.0936917 , 0.0967374, 0.186958, 0.0936778, 0.818685  
 76 , 16466.8318281 , 0.0945641 , 0.0967374, 0.186958, 0.0936778, 0.818685  
 77 , 16676.5375431 , 0.0942518 , 0.0967374, 0.186958, 0.0936778, 0.818685  
 78 , 16886.3680849 , 0.093678 , 0.0967374, 0.186958, 0.0936778, 0.818685  
 79 , 17096.5617011 , 0.0944501 , 0.0967374, 0.186958, 0.0936778, 0.818685  
 80 , 17367.5987151 , 0.0939796 , 0.0967612, 0.189338, 0.0930878, 0.819824  
 81 , 17577.5298359 , 0.0936394 , 0.0967612, 0.189338, 0.0930878, 0.819824  
 82 , 17787.736644 , 0.0938067 , 0.0967612, 0.189338, 0.0930878, 0.819824  
 83 , 17998.0830071 , 0.0936466 , 0.0967612, 0.189338, 0.0930878, 0.819824  
 84 , 18208.22738 , 0.0933665 , 0.0967612, 0.189338, 0.0930878, 0.819824  
 85 , 18418.105484 , 0.0939811 , 0.0967612, 0.189338, 0.0930878, 0.819824  
 86 , 18628.0598099 , 0.0935369 , 0.0967612, 0.189338, 0.0930878, 0.819824  
 87 , 18838.305593 , 0.0935703 , 0.0967612, 0.189338, 0.0930878, 0.819824  
 88 , 19048.42788 , 0.0935775 , 0.0967612, 0.189338, 0.0930878, 0.819824  
 89 , 19258.2577641 , 0.0937809 , 0.0967612, 0.189338, 0.0930878, 0.819824  
 90 , 19529.7698359 , 0.094001 , 0.0964281, 0.186956, 0.0930926, 0.820638  
 91 , 19740.4597421 , 0.0939938 , 0.0964281, 0.186956, 0.0930926, 0.820638  
 92 , 19950.773237 , 0.0932424 , 0.0964281, 0.186956, 0.0930926, 0.820638  
 93 , 20160.764559 , 0.0936434 , 0.0964281, 0.186956, 0.0930926, 0.820638  
 94 , 20370.9169111 , 0.0932447 , 0.0964281, 0.186956, 0.0930926, 0.820638  
 95 , 20581.581049 , 0.0939495 , 0.0964281, 0.186956, 0.0930926, 0.820638  
 96 , 20792.195241 , 0.0932233 , 0.0964281, 0.186956, 0.0930926, 0.820638  
 97 , 21002.574419 , 0.0935776 , 0.0964281, 0.186956, 0.0930926, 0.820638  
 98 , 21212.9283531 , 0.0934779 , 0.0964281, 0.186956, 0.0930926, 0.820638  
 99 , 21423.679616 , 0.093693 , 0.0964281, 0.186956, 0.0930926, 0.820638  
 100 , 21695.4404991 , 0.093241 , 0.0965596, 0.186544, 0.0923763, 0.824382  
 101 , 21905.9466801 , 0.09303 , 0.0965596, 0.186544, 0.0923763, 0.824382  
 102 , 22116.5604491 , 0.0928936 , 0.0965596, 0.186544, 0.0923763, 0.824382  
 103 , 22326.852258 , 0.0931049 , 0.0965596, 0.186544, 0.0923763, 0.824382  
 104 , 22536.846529 , 0.0935102 , 0.0965596, 0.186544, 0.0923763, 0.824382  
 105 , 22747.5194311 , 0.0934518 , 0.0965596, 0.186544, 0.0923763, 0.824382  
 106 , 22957.514713 , 0.0934016 , 0.0965596, 0.186544, 0.0923763, 0.824382  
 107 , 23167.7479329 , 0.0933461 , 0.0965596, 0.186544, 0.0923763, 0.824382  
 108 , 23378.053648 , 0.0929066 , 0.0965596, 0.186544, 0.0923763, 0.824382  
 109 , 23588.697377 , 0.0928492 , 0.0965596, 0.186544, 0.0923763, 0.824382  
 110 , 23860.507257 , 0.0930996 , 0.0965362, 0.185957, 0.092219, 0.821126  
 111 , 24070.882493 , 0.0928319 , 0.0965362, 0.185957, 0.092219, 0.821126  
 112 , 24281.060667 , 0.092929 , 0.0965362, 0.185957, 0.092219, 0.821126  
 113 , 24491.5651259 , 0.0931354 , 0.0965362, 0.185957, 0.092219, 0.821126  
 114 , 24701.803009 , 0.0932483 , 0.0965362, 0.185957, 0.092219, 0.821126  
 115 , 24912.3872399 , 0.0928624 , 0.0965362, 0.185957, 0.092219, 0.821126  
 116 , 25122.9580841 , 0.0928344 , 0.0965362, 0.185957, 0.092219, 0.821126  
 117 , 25333.189002 , 0.0929357 , 0.0965362, 0.185957, 0.092219, 0.821126  
 118 , 25543.8165441 , 0.0930059 , 0.0965362, 0.185957, 0.092219, 0.821126  
 119 , 25754.4192159 , 0.0930117 , 0.0965362, 0.185957, 0.092219, 0.821126  
 120 , 26026.5711181 , 0.0930619 , 0.0962079, 0.187138, 0.0922088, 0.818848  
 121 , 26237.0903339 , 0.0929826 , 0.0962079, 0.187138, 0.0922088, 0.818848  
 122 , 26447.5309999 , 0.092913 , 0.0962079, 0.187138, 0.0922088, 0.818848  
 123 , 26658.1033251 , 0.0928507 , 0.0962079, 0.187138, 0.0922088, 0.818848  
 124 , 26868.5206001 , 0.0925995 , 0.0962079, 0.187138, 0.0922088, 0.818848  
 125 , 27078.519609 , 0.0930413 , 0.0962079, 0.187138, 0.0922088, 0.818848  
 126 , 27288.8073781 , 0.0926207 , 0.0962079, 0.187138, 0.0922088, 0.818848  
 127 , 27498.7344651 , 0.0929037 , 0.0962079, 0.187138, 0.0922088, 0.818848  
 128 , 27709.1361279 , 0.0931251 , 0.0962079, 0.187138, 0.0922088, 0.818848  
 129 , 27919.249377 , 0.0928145 , 0.0962079, 0.187138, 0.0922088, 0.818848  
 130 , 28191.194937 , 0.0928887 , 0.0963345, 0.186218, 0.0920152, 0.821289  
 131 , 28401.4594531 , 0.0929951 , 0.0963345, 0.186218, 0.0920152, 0.821289  
 132 , 28611.66787 , 0.0929557 , 0.0963345, 0.186218, 0.0920152, 0.821289  
 133 , 28821.84377 , 0.0931993 , 0.0963345, 0.186218, 0.0920152, 0.821289  
 134 , 29032.3512571 , 0.0930055 , 0.0963345, 0.186218, 0.0920152, 0.821289  
 135 , 29242.6027391 , 0.0927987 , 0.0963345, 0.186218, 0.0920152, 0.821289  
 136 , 29453.078618 , 0.0927472 , 0.0963345, 0.186218, 0.0920152, 0.821289  
 137 , 29663.542639 , 0.0925923 , 0.0963345, 0.186218, 0.0920152, 0.821289  
 138 , 29874.305645 , 0.0928857 , 0.0963345, 0.186218, 0.0920152, 0.821289  
 139 , 30084.5082979 , 0.0926326 , 0.0963345, 0.186218, 0.0920152, 0.821289  
 140 , 30355.7049839 , 0.0929002 , 0.0960312, 0.186838, 0.0920383, 0.818197  
 141 , 30565.923238 , 0.0929218 , 0.0960312, 0.186838, 0.0920383, 0.818197  
 142 , 30776.492924 , 0.0928917 , 0.0960312, 0.186838, 0.0920383, 0.818197  
 143 , 30987.152545 , 0.0926909 , 0.0960312, 0.186838, 0.0920383, 0.818197  
 144 , 31197.723604 , 0.0923726 , 0.0960312, 0.186838, 0.0920383, 0.818197  
 145 , 31408.087625 , 0.0926742 , 0.0960312, 0.186838, 0.0920383, 0.818197  
 146 , 31618.8707051 , 0.0926949 , 0.0960312, 0.186838, 0.0920383, 0.818197  
 147 , 31829.425082 , 0.0923178 , 0.0960312, 0.186838, 0.0920383, 0.818197  
 148 , 32039.943747 , 0.0924798 , 0.0960312, 0.186838, 0.0920383, 0.818197  
 149 , 32250.5381131 , 0.0923024 , 0.0960312, 0.186838, 0.0920383, 0.818197  
 150 , 32522.616432 , 0.0925562 , 0.0961109, 0.186609, 0.0916993, 0.821289  
 151 , 32733.309747 , 0.0928088 , 0.0961109, 0.186609, 0.0916993, 0.821289  
 152 , 32943.845037 , 0.0925991 , 0.0961109, 0.186609, 0.0916993, 0.821289  
 153 , 33154.2095649 , 0.0923033 , 0.0961109, 0.186609, 0.0916993, 0.821289  
 154 , 33364.606298 , 0.0921836 , 0.0961109, 0.186609, 0.0916993, 0.821289  
 155 , 33580.2564361 , 0.092496 , 0.0961109, 0.186609, 0.0916993, 0.821289  
 156 , 33787.5015049 , 0.0924473 , 0.0961109, 0.186609, 0.0916993, 0.821289  
 157 , 33995.1621571 , 0.0926159 , 0.0961109, 0.186609, 0.0916993, 0.821289  
 158 , 34202.836422 , 0.0924741 , 0.0961109, 0.186609, 0.0916993, 0.821289  
 159 , 34410.9625371 , 0.093018 , 0.0961109, 0.186609, 0.0916993, 0.821289  
 160 , 34680.224709 , 0.0926586 , 0.0965712, 0.185748, 0.0917822, 0.822591  
 161 , 34888.023037 , 0.0922018 , 0.0965712, 0.185748, 0.0917822, 0.822591  
 162 , 35095.9783251 , 0.0922778 , 0.0965712, 0.185748, 0.0917822, 0.822591  
 163 , 35304.3625121 , 0.0927008 , 0.0965712, 0.185748, 0.0917822, 0.822591  
 164 , 35512.1129091 , 0.0921842 , 0.0965712, 0.185748, 0.0917822, 0.822591  
 165 , 35719.6645031 , 0.0919872 , 0.0965712, 0.185748, 0.0917822, 0.822591  
 166 , 35927.4242179 , 0.092112 , 0.0965712, 0.185748, 0.0917822, 0.822591  
 167 , 36135.532552 , 0.0921009 , 0.0965712, 0.185748, 0.0917822, 0.822591  
 168 , 36342.7000589 , 0.0926219 , 0.0965712, 0.185748, 0.0917822, 0.822591  
 169 , 36550.3437011 , 0.0921975 , 0.0965712, 0.185748, 0.0917822, 0.822591  
 170 , 36819.0148549 , 0.0921315 , 0.0962635, 0.185828, 0.0912685, 0.816895  
 171 , 37026.6217761 , 0.0921861 , 0.0962635, 0.185828, 0.0912685, 0.816895  
 172 , 37234.126313 , 0.0919004 , 0.0962635, 0.185828, 0.0912685, 0.816895  
 173 , 37441.170315 , 0.0922802 , 0.0962635, 0.185828, 0.0912685, 0.816895  
 174 , 37648.4261711 , 0.0923155 , 0.0962635, 0.185828, 0.0912685, 0.816895  
 175 , 37856.284569 , 0.0921471 , 0.0962635, 0.185828, 0.0912685, 0.816895  
 176 , 38064.552649 , 0.0924963 , 0.0962635, 0.185828, 0.0912685, 0.816895  
 177 , 38272.268692 , 0.0920356 , 0.0962635, 0.185828, 0.0912685, 0.816895  
 178 , 38480.188009 , 0.0924536 , 0.0962635, 0.185828, 0.0912685, 0.816895  
 179 , 38687.8361831 , 0.0918385 , 0.0962635, 0.185828, 0.0912685, 0.816895  
 180 , 38956.5366261 , 0.091821 , 0.0960497, 0.185306, 0.0909172, 0.823405  
 181 , 39165.2416711 , 0.0923774 , 0.0960497, 0.185306, 0.0909172, 0.823405  
 182 , 39372.811209 , 0.0918987 , 0.0960497, 0.185306, 0.0909172, 0.823405  
 183 , 39580.934258 , 0.0920383 , 0.0960497, 0.185306, 0.0909172, 0.823405  
 184 , 39788.9571459 , 0.0922925 , 0.0960497, 0.185306, 0.0909172, 0.823405  
 185 , 39996.3349071 , 0.09219 , 0.0960497, 0.185306, 0.0909172, 0.823405  
 186 , 40203.8151309 , 0.0915246 , 0.0960497, 0.185306, 0.0909172, 0.823405  
 187 , 40411.3172231 , 0.0922748 , 0.0960497, 0.185306, 0.0909172, 0.823405  
 188 , 40618.8013191 , 0.0924271 , 0.0960497, 0.185306, 0.0909172, 0.823405  
 189 , 40826.128114 , 0.092209 , 0.0960497, 0.185306, 0.0909172, 0.823405  
 190 , 41095.1936531 , 0.091978 , 0.0960553, 0.185875, 0.0910938, 0.823405  
 191 , 41303.3141689 , 0.0924611 , 0.0960553, 0.185875, 0.0910938, 0.823405  
 192 , 41511.2048941 , 0.0921179 , 0.0960553, 0.185875, 0.0910938, 0.823405  
 193 , 41719.116112 , 0.0924845 , 0.0960553, 0.185875, 0.0910938, 0.823405  
 194 , 41926.6992569 , 0.0918612 , 0.0960553, 0.185875, 0.0910938, 0.823405  
 195 , 42134.4276521 , 0.0921635 , 0.0960553, 0.185875, 0.0910938, 0.823405  
 196 , 42342.1929159 , 0.0922515 , 0.0960553, 0.185875, 0.0910938, 0.823405  
 197 , 42549.7601361 , 0.0917786 , 0.0960553, 0.185875, 0.0910938, 0.823405  
 198 , 42757.6386061 , 0.0916176 , 0.0960553, 0.185875, 0.0910938, 0.823405  
 199 , 42965.6633821 , 0.091531 , 0.0960553, 0.185875, 0.0910938, 0.823405  
 200 , 43235.3010991 , 0.0917099 , 0.0959811, 0.189669, 0.0908323, 0.820312  
 201 , 43443.2079971 , 0.0917993 , 0.0959811, 0.189669, 0.0908323, 0.820312  
 202 , 43651.2658181 , 0.0922942 , 0.0959811, 0.189669, 0.0908323, 0.820312  
 203 , 43859.1313839 , 0.0915454 , 0.0959811, 0.189669, 0.0908323, 0.820312  
 204 , 44067.4929719 , 0.0918414 , 0.0959811, 0.189669, 0.0908323, 0.820312  
 205 , 44276.5046601 , 0.0915619 , 0.0959811, 0.189669, 0.0908323, 0.820312  
 206 , 44485.254854 , 0.091594 , 0.0959811, 0.189669, 0.0908323, 0.820312  
 207 , 44693.93957 , 0.091774 , 0.0959811, 0.189669, 0.0908323, 0.820312  
 208 , 44902.4769621 , 0.0920352 , 0.0959811, 0.189669, 0.0908323, 0.820312  
 209 , 45111.2359769 , 0.092106 , 0.0959811, 0.189669, 0.0908323, 0.820312  
 210 , 45381.4303591 , 0.0918485 , 0.0958622, 0.185413, 0.0909538, 0.826986  
 211 , 45590.5700841 , 0.0919091 , 0.0958622, 0.185413, 0.0909538, 0.826986  
 212 , 45799.796119 , 0.0914921 , 0.0958622, 0.185413, 0.0909538, 0.826986  
 213 , 46008.9001701 , 0.0919833 , 0.0958622, 0.185413, 0.0909538, 0.826986  
 214 , 46217.8023701 , 0.0916868 , 0.0958622, 0.185413, 0.0909538, 0.826986  
 215 , 46426.3478141 , 0.0914265 , 0.0958622, 0.185413, 0.0909538, 0.826986  
 216 , 46635.6372411 , 0.0918335 , 0.0958622, 0.185413, 0.0909538, 0.826986  
 217 , 46844.701766 , 0.0920919 , 0.0958622, 0.185413, 0.0909538, 0.826986  
 218 , 47053.9978411 , 0.0921109 , 0.0958622, 0.185413, 0.0909538, 0.826986  
 219 , 47263.082454 , 0.0914306 , 0.0958622, 0.185413, 0.0909538, 0.826986  
 220 , 47534.1295221 , 0.091708 , 0.0957891, 0.18694, 0.0908101, 0.825358  
 221 , 47743.291064 , 0.0913643 , 0.0957891, 0.18694, 0.0908101, 0.825358  
 222 , 47952.0106981 , 0.0922204 , 0.0957891, 0.18694, 0.0908101, 0.825358  
 223 , 48160.159981 , 0.090925 , 0.0957891, 0.18694, 0.0908101, 0.825358  
 224 , 48368.2541599 , 0.0915108 , 0.0957891, 0.18694, 0.0908101, 0.825358  
 225 , 48576.460381 , 0.0918759 , 0.0957891, 0.18694, 0.0908101, 0.825358  
 226 , 48784.6712461 , 0.0916297 , 0.0957891, 0.18694, 0.0908101, 0.825358  
 227 , 48993.06587 , 0.091959 , 0.0957891, 0.18694, 0.0908101, 0.825358  
 228 , 49200.969511 , 0.0915958 , 0.0957891, 0.18694, 0.0908101, 0.825358  
 229 , 49408.9275451 , 0.0921363 , 0.0957891, 0.18694, 0.0908101, 0.825358  
 230 , 49678.2658551 , 0.0916672 , 0.0961108, 0.186166, 0.0907855, 0.822591  
 231 , 49886.9410479 , 0.0910682 , 0.0961108, 0.186166, 0.0907855, 0.822591  
 232 , 50095.3489449 , 0.0916984 , 0.0961108, 0.186166, 0.0907855, 0.822591  
 233 , 50304.3844011 , 0.0917983 , 0.0961108, 0.186166, 0.0907855, 0.822591  
 234 , 50513.6005471 , 0.0916311 , 0.0961108, 0.186166, 0.0907855, 0.822591  
 235 , 50722.2420599 , 0.0917525 , 0.0961108, 0.186166, 0.0907855, 0.822591  
 236 , 50931.0315731 , 0.0916058 , 0.0961108, 0.186166, 0.0907855, 0.822591  
 237 , 51139.6381919 , 0.0913152 , 0.0961108, 0.186166, 0.0907855, 0.822591  
 238 , 51348.6949661 , 0.0919436 , 0.0961108, 0.186166, 0.0907855, 0.822591  
 239 , 51557.706243 , 0.0916366 , 0.0961108, 0.186166, 0.0907855, 0.822591  
 240 , 51828.3851621 , 0.0920201 , 0.0959062, 0.188464, 0.0911097, 0.826497  
 241 , 52038.03018 , 0.0915934 , 0.0959062, 0.188464, 0.0911097, 0.826497  
 242 , 52246.4906559 , 0.0914693 , 0.0959062, 0.188464, 0.0911097, 0.826497  
 243 , 52454.984818 , 0.0916561 , 0.0959062, 0.188464, 0.0911097, 0.826497  
 244 , 52664.104948 , 0.0911298 , 0.0959062, 0.188464, 0.0911097, 0.826497  
 245 , 52872.938374 , 0.0912672 , 0.0959062, 0.188464, 0.0911097, 0.826497  
 246 , 53081.1105421 , 0.0915203 , 0.0959062, 0.188464, 0.0911097, 0.826497  
 247 , 53289.4367061 , 0.0912668 , 0.0959062, 0.188464, 0.0911097, 0.826497  
 248 , 53497.7500761 , 0.0914285 , 0.0959062, 0.188464, 0.0911097, 0.826497  
 249 , 53706.6200221 , 0.0918095 , 0.0959062, 0.188464, 0.0911097, 0.826497  
 250 , 53976.924499 , 0.0917179 , 0.0957294, 0.185856, 0.0908131, 0.821289  
 251 , 54185.8999021 , 0.0912737 , 0.0957294, 0.185856, 0.0908131, 0.821289  
 252 , 54394.4509649 , 0.0913008 , 0.0957294, 0.185856, 0.0908131, 0.821289  
 253 , 54603.456656 , 0.0915993 , 0.0957294, 0.185856, 0.0908131, 0.821289  
 254 , 54812.4009671 , 0.091357 , 0.0957294, 0.185856, 0.0908131, 0.821289  
 255 , 55021.7413871 , 0.0914169 , 0.0957294, 0.185856, 0.0908131, 0.821289  
 256 , 55231.3310649 , 0.0915315 , 0.0957294, 0.185856, 0.0908131, 0.821289  
 257 , 55441.4419911 , 0.0916712 , 0.0957294, 0.185856, 0.0908131, 0.821289  
 258 , 55650.2901571 , 0.0915996 , 0.0957294, 0.185856, 0.0908131, 0.821289  
 259 , 55859.6462359 , 0.0911245 , 0.0957294, 0.185856, 0.0908131, 0.821289  
 260 , 56129.8491991 , 0.0917824 , 0.0958111, 0.184685, 0.0908868, 0.823893  
 261 , 56338.9589939 , 0.09118 , 0.0958111, 0.184685, 0.0908868, 0.823893  
 262 , 56548.3255789 , 0.091304 , 0.0958111, 0.184685, 0.0908868, 0.823893  
 263 , 56756.9970651 , 0.0914186 , 0.0958111, 0.184685, 0.0908868, 0.823893  
 264 , 56965.786839 , 0.0914787 , 0.0958111, 0.184685, 0.0908868, 0.823893  
 265 , 57175.1106851 , 0.0920547 , 0.0958111, 0.184685, 0.0908868, 0.823893  
 266 , 57384.6611161 , 0.0912118 , 0.0958111, 0.184685, 0.0908868, 0.823893  
 267 , 57593.688127 , 0.0913545 , 0.0958111, 0.184685, 0.0908868, 0.823893  
 268 , 57802.8367691 , 0.0912977 , 0.0958111, 0.184685, 0.0908868, 0.823893  
 269 , 58011.808449 , 0.0911717 , 0.0958111, 0.184685, 0.0908868, 0.823893  
 270 , 58282.429069 , 0.0911469 , 0.0960203, 0.185901, 0.0902632, 0.818848  
 271 , 58492.2091711 , 0.0912262 , 0.0960203, 0.185901, 0.0902632, 0.818848  
 272 , 58700.981034 , 0.0914277 , 0.0960203, 0.185901, 0.0902632, 0.818848  
 273 , 58910.4211061 , 0.090792 , 0.0960203, 0.185901, 0.0902632, 0.818848  
 274 , 59119.5554931 , 0.0914233 , 0.0960203, 0.185901, 0.0902632, 0.818848  
 275 , 59328.5768631 , 0.0913053 , 0.0960203, 0.185901, 0.0902632, 0.818848  
 276 , 59537.228889 , 0.0910965 , 0.0960203, 0.185901, 0.0902632, 0.818848  
 277 , 59745.861902 , 0.0907278 , 0.0960203, 0.185901, 0.0902632, 0.818848  
 278 , 59954.3086929 , 0.0912071 , 0.0960203, 0.185901, 0.0902632, 0.818848  
 279 , 60163.391839 , 0.0912695 , 0.0960203, 0.185901, 0.0902632, 0.818848  
 280 , 60433.7309761 , 0.0910889 , 0.0958929, 0.185488, 0.0901947, 0.821126  
 281 , 60642.31459 , 0.090945 , 0.0958929, 0.185488, 0.0901947, 0.821126  
 282 , 60851.529609 , 0.0909157 , 0.0958929, 0.185488, 0.0901947, 0.821126  
 283 , 61061.253551 , 0.0911222 , 0.0958929, 0.185488, 0.0901947, 0.821126  
 284 , 61270.771594 , 0.090944 , 0.0958929, 0.185488, 0.0901947, 0.821126  
 285 , 61480.249238 , 0.0910193 , 0.0958929, 0.185488, 0.0901947, 0.821126  
 286 , 61689.1852 , 0.0911372 , 0.0958929, 0.185488, 0.0901947, 0.821126  
 287 , 61898.1581769 , 0.0911362 , 0.0958929, 0.185488, 0.0901947, 0.821126  
 288 , 62107.4898419 , 0.0910226 , 0.0958929, 0.185488, 0.0901947, 0.821126  
 289 , 62316.689827 , 0.0913856 , 0.0958929, 0.185488, 0.0901947, 0.821126  
 290 , 62586.659246 , 0.0910112 , 0.0964761, 0.187213, 0.0901082, 0.819661  
 291 , 62795.092108 , 0.0909763 , 0.0964761, 0.187213, 0.0901082, 0.819661  
 292 , 63004.294981 , 0.0912253 , 0.0964761, 0.187213, 0.0901082, 0.819661  
 293 , 63212.9398401 , 0.0909027 , 0.0964761, 0.187213, 0.0901082, 0.819661  
 294 , 63421.804194 , 0.0912462 , 0.0964761, 0.187213, 0.0901082, 0.819661  
 295 , 63630.8865471 , 0.0907676 , 0.0964761, 0.187213, 0.0901082, 0.819661  
 296 , 63838.7926481 , 0.0911995 , 0.0964761, 0.187213, 0.0901082, 0.819661  
 297 , 64047.510946 , 0.0910743 , 0.0964761, 0.187213, 0.0901082, 0.819661  
 298 , 64256.3730161 , 0.0907057 , 0.0964761, 0.187213, 0.0901082, 0.819661  
 299 , 64464.8903999 , 0.0909763 , 0.0964761, 0.187213, 0.0901082, 0.819661  
 300 , 64734.402025 , 0.0915331 , 0.0959386, 0.185781, 0.0906256, 0.821289  
 301 , 64942.9801111 , 0.0909594 , 0.0959386, 0.185781, 0.0906256, 0.821289  
 302 , 65152.095341 , 0.0909833 , 0.0959386, 0.185781, 0.0906256, 0.821289  
 303 , 65360.7214129 , 0.0910522 , 0.0959386, 0.185781, 0.0906256, 0.821289  
 304 , 65569.5228591 , 0.0909784 , 0.0959386, 0.185781, 0.0906256, 0.821289  
 305 , 65777.9814341 , 0.0908477 , 0.0959386, 0.185781, 0.0906256, 0.821289  
 306 , 65987.2168911 , 0.0909303 , 0.0959386, 0.185781, 0.0906256, 0.821289  
 307 , 66196.2129719 , 0.0904233 , 0.0959386, 0.185781, 0.0906256, 0.821289  
 308 , 66405.13906 , 0.0913496 , 0.0959386, 0.185781, 0.0906256, 0.821289  
 309 , 66613.8640809 , 0.0910372 , 0.0959386, 0.185781, 0.0906256, 0.821289  
 310 , 66884.0543461 , 0.0908231 , 0.096228, 0.187219, 0.0899015, 0.821452  
 311 , 67093.2689819 , 0.0911326 , 0.096228, 0.187219, 0.0899015, 0.821452  
 312 , 67301.989502 , 0.0907213 , 0.096228, 0.187219, 0.0899015, 0.821452  
 313 , 67510.4357741 , 0.0906553 , 0.096228, 0.187219, 0.0899015, 0.821452  
 314 , 67719.27858 , 0.0907629 , 0.096228, 0.187219, 0.0899015, 0.821452  
 315 , 67927.9451251 , 0.0910548 , 0.096228, 0.187219, 0.0899015, 0.821452  
 316 , 68136.5040741 , 0.090873 , 0.096228, 0.187219, 0.0899015, 0.821452  
 317 , 68346.0060339 , 0.0906422 , 0.096228, 0.187219, 0.0899015, 0.821452  
 318 , 68554.6438801 , 0.0911364 , 0.096228, 0.187219, 0.0899015, 0.821452  
 319 , 68763.624541 , 0.0908705 , 0.096228, 0.187219, 0.0899015, 0.821452  
 320 , 69033.3353801 , 0.0907488 , 0.0960236, 0.186337, 0.0898169, 0.823242  
 321 , 69242.5748069 , 0.0902662 , 0.0960236, 0.186337, 0.0898169, 0.823242  
 322 , 69451.0769279 , 0.0905113 , 0.0960236, 0.186337, 0.0898169, 0.823242  
 323 , 69659.9574859 , 0.0907771 , 0.0960236, 0.186337, 0.0898169, 0.823242  
 324 , 69868.8625391 , 0.0911922 , 0.0960236, 0.186337, 0.0898169, 0.823242  
 325 , 70077.403228 , 0.0908648 , 0.0960236, 0.186337, 0.0898169, 0.823242  
 326 , 70286.622165 , 0.0904059 , 0.0960236, 0.186337, 0.0898169, 0.823242  
 327 , 70495.9279881 , 0.0911413 , 0.0960236, 0.186337, 0.0898169, 0.823242  
 328 , 70705.2684619 , 0.0903614 , 0.0960236, 0.186337, 0.0898169, 0.823242  
 329 , 70914.3996451 , 0.0903269 , 0.0960236, 0.186337, 0.0898169, 0.823242  
 330 , 71184.8865449 , 0.0905777 , 0.0958434, 0.18404, 0.0896509, 0.824056  
 331 , 71394.53951 , 0.0908706 , 0.0958434, 0.18404, 0.0896509, 0.824056  
 332 , 71604.4118459 , 0.0908708 , 0.0958434, 0.18404, 0.0896509, 0.824056  
 333 , 71821.2433641 , 0.0906255 , 0.0958434, 0.18404, 0.0896509, 0.824056  
 334 , 72029.4888661 , 0.0907658 , 0.0958434, 0.18404, 0.0896509, 0.824056  
 335 , 72237.635864 , 0.0907738 , 0.0958434, 0.18404, 0.0896509, 0.824056  
 336 , 72444.987694 , 0.0907625 , 0.0958434, 0.18404, 0.0896509, 0.824056  
 337 , 72652.3767049 , 0.0905729 , 0.0958434, 0.18404, 0.0896509, 0.824056  
 338 , 72859.7224181 , 0.0906889 , 0.0958434, 0.18404, 0.0896509, 0.824056  
 339 , 73066.8841951 , 0.0907123 , 0.0958434, 0.18404, 0.0896509, 0.824056  
 340 , 73334.7990849 , 0.0902467 , 0.0959902, 0.187243, 0.0893452, 0.820638  
 341 , 73541.1480541 , 0.0907121 , 0.0959902, 0.187243, 0.0893452, 0.820638  
 342 , 73747.6245561 , 0.0904191 , 0.0959902, 0.187243, 0.0893452, 0.820638  
 343 , 73954.1335211 , 0.0901902 , 0.0959902, 0.187243, 0.0893452, 0.820638  
 344 , 74160.906033 , 0.0904363 , 0.0959902, 0.187243, 0.0893452, 0.820638  
 345 , 74367.7778771 , 0.0903848 , 0.0959902, 0.187243, 0.0893452, 0.820638  
 346 , 74574.488745 , 0.0904013 , 0.0959902, 0.187243, 0.0893452, 0.820638  
 347 , 74781.07253 , 0.0907787 , 0.0959902, 0.187243, 0.0893452, 0.820638  
 348 , 74987.5627041 , 0.0907421 , 0.0959902, 0.187243, 0.0893452, 0.820638  
 349 , 75193.9733169 , 0.0905075 , 0.0959902, 0.187243, 0.0893452, 0.820638  
 350 , 75461.045253 , 0.0902259 , 0.0957712, 0.185254, 0.0893071, 0.822266  
 351 , 75667.4504831 , 0.0904026 , 0.0957712, 0.185254, 0.0893071, 0.822266  
 352 , 75873.895822 , 0.0905613 , 0.0957712, 0.185254, 0.0893071, 0.822266  
 353 , 76080.1012089 , 0.0903325 , 0.0957712, 0.185254, 0.0893071, 0.822266  
 354 , 76286.2626381 , 0.0903535 , 0.0957712, 0.185254, 0.0893071, 0.822266  
 355 , 76492.409255 , 0.0905051 , 0.0957712, 0.185254, 0.0893071, 0.822266  
 356 , 76698.4476891 , 0.0898292 , 0.0957712, 0.185254, 0.0893071, 0.822266  
 357 , 76904.336808 , 0.0903844 , 0.0957712, 0.185254, 0.0893071, 0.822266  
 358 , 77110.3869121 , 0.0902863 , 0.0957712, 0.185254, 0.0893071, 0.822266  
 359 , 77316.4069331 , 0.090394 , 0.0957712, 0.185254, 0.0893071, 0.822266  
 360 , 77583.0278351 , 0.0908473 , 0.0960335, 0.18675, 0.0899107, 0.821452  
 361 , 77789.0536809 , 0.090378 , 0.0960335, 0.18675, 0.0899107, 0.821452  
 362 , 77995.131258 , 0.0908188 , 0.0960335, 0.18675, 0.0899107, 0.821452  
 363 , 78201.1035311 , 0.0907982 , 0.0960335, 0.18675, 0.0899107, 0.821452  
 364 , 78407.1180849 , 0.0907717 , 0.0960335, 0.18675, 0.0899107, 0.821452  
 365 , 78613.243762 , 0.0905138 , 0.0960335, 0.18675, 0.0899107, 0.821452  
 366 , 78819.3461061 , 0.0905607 , 0.0960335, 0.18675, 0.0899107, 0.821452  
 367 , 79025.3472309 , 0.090441 , 0.0960335, 0.18675, 0.0899107, 0.821452  
 368 , 79231.3989811 , 0.0903915 , 0.0960335, 0.18675, 0.0899107, 0.821452  
 369 , 79437.359726 , 0.0899737 , 0.0960335, 0.18675, 0.0899107, 0.821452  
 370 , 79704.017246 , 0.0902557 , 0.0958533, 0.184474, 0.0892928, 0.821289  
 371 , 79909.890286 , 0.090488 , 0.0958533, 0.184474, 0.0892928, 0.821289  
 372 , 80115.8021741 , 0.0904294 , 0.0958533, 0.184474, 0.0892928, 0.821289  
 373 , 80321.6999631 , 0.0903694 , 0.0958533, 0.184474, 0.0892928, 0.821289  
 374 , 80527.630846 , 0.0906418 , 0.0958533, 0.184474, 0.0892928, 0.821289  
 375 , 80733.5205631 , 0.0903089 , 0.0958533, 0.184474, 0.0892928, 0.821289  
 376 , 80939.4726031 , 0.0903764 , 0.0958533, 0.184474, 0.0892928, 0.821289  
 377 , 81145.2828729 , 0.0905134 , 0.0958533, 0.184474, 0.0892928, 0.821289  
 378 , 81351.154901 , 0.0902399 , 0.0958533, 0.184474, 0.0892928, 0.821289  
 379 , 81557.0711451 , 0.0902578 , 0.0958533, 0.184474, 0.0892928, 0.821289  
 380 , 81823.4727941 , 0.0905845 , 0.0957336, 0.186149, 0.0896387, 0.824219  
 381 , 82029.375401 , 0.0897813 , 0.0957336, 0.186149, 0.0896387, 0.824219  
 382 , 82235.307512 , 0.090642 , 0.0957336, 0.186149, 0.0896387, 0.824219  
 383 , 82441.210732 , 0.0900079 , 0.0957336, 0.186149, 0.0896387, 0.824219  
 384 , 82647.1731319 , 0.0906383 , 0.0957336, 0.186149, 0.0896387, 0.824219  
 385 , 82853.151067 , 0.0908718 , 0.0957336, 0.186149, 0.0896387, 0.824219  
 386 , 83059.011626 , 0.0903663 , 0.0957336, 0.186149, 0.0896387, 0.824219  
 387 , 83264.9641809 , 0.0900266 , 0.0957336, 0.186149, 0.0896387, 0.824219  
 388 , 83470.9656999 , 0.0899639 , 0.0957336, 0.186149, 0.0896387, 0.824219  
 389 , 83676.952033 , 0.0904023 , 0.0957336, 0.186149, 0.0896387, 0.824219  
 390 , 83943.834666 , 0.0902418 , 0.0959606, 0.18527, 0.0892664, 0.822428  
 391 , 84149.9729121 , 0.0901136 , 0.0959606, 0.18527, 0.0892664, 0.822428  
 392 , 84356.130259 , 0.0903068 , 0.0959606, 0.18527, 0.0892664, 0.822428  
 393 , 84562.576149 , 0.0902233 , 0.0959606, 0.18527, 0.0892664, 0.822428  
 394 , 84769.2261169 , 0.0902227 , 0.0959606, 0.18527, 0.0892664, 0.822428  
 395 , 84975.7816219 , 0.0903713 , 0.0959606, 0.18527, 0.0892664, 0.822428  
 396 , 85182.387064 , 0.0900311 , 0.0959606, 0.18527, 0.0892664, 0.822428  
 397 , 85388.4126611 , 0.0900583 , 0.0959606, 0.18527, 0.0892664, 0.822428  
 398 , 85594.466696 , 0.0902971 , 0.0959606, 0.18527, 0.0892664, 0.822428  
 399 , 85800.578917 , 0.0898361 , 0.0959606, 0.18527, 0.0892664, 0.822428  
 400 , 86068.571101 , 0.0897886 , 0.09589, 0.183778, 0.0888278, 0.823079  
 401 , 86274.572917 , 0.0901037 , 0.09589, 0.183778, 0.0888278, 0.823079  
 402 , 86480.6650431 , 0.0903871 , 0.09589, 0.183778, 0.0888278, 0.823079  
 403 , 86686.5556121 , 0.0905633 , 0.09589, 0.183778, 0.0888278, 0.823079  
 404 , 86892.5770249 , 0.0903251 , 0.09589, 0.183778, 0.0888278, 0.823079  
 405 , 87098.674093 , 0.0901987 , 0.09589, 0.183778, 0.0888278, 0.823079  
 406 , 87304.6235931 , 0.0899868 , 0.09589, 0.183778, 0.0888278, 0.823079  
 407 , 87510.8282521 , 0.0899468 , 0.09589, 0.183778, 0.0888278, 0.823079  
 408 , 87717.19172 , 0.0901372 , 0.09589, 0.183778, 0.0888278, 0.823079  
 409 , 87923.392283 , 0.0904079 , 0.09589, 0.183778, 0.0888278, 0.823079  
 410 , 88190.465575 , 0.0901997 , 0.0959001, 0.184286, 0.089245, 0.823242  
 411 , 88397.1748869 , 0.0900964 , 0.0959001, 0.184286, 0.089245, 0.823242  
 412 , 88603.8364811 , 0.0899003 , 0.0959001, 0.184286, 0.089245, 0.823242  
 413 , 88810.562072 , 0.0904776 , 0.0959001, 0.184286, 0.089245, 0.823242  
 414 , 89017.4661441 , 0.0904124 , 0.0959001, 0.184286, 0.089245, 0.823242  
 415 , 89223.920579 , 0.090253 , 0.0959001, 0.184286, 0.089245, 0.823242  
 416 , 89430.2890029 , 0.0903423 , 0.0959001, 0.184286, 0.089245, 0.823242  
 417 , 89637.0988209 , 0.0902555 , 0.0959001, 0.184286, 0.089245, 0.823242  
 418 , 89843.980588 , 0.0901153 , 0.0959001, 0.184286, 0.089245, 0.823242  
 419 , 90050.92047 , 0.0901581 , 0.0959001, 0.184286, 0.089245, 0.823242  
 420 , 90318.2046921 , 0.0899447 , 0.0958725, 0.185417, 0.0889912, 0.823568  
 421 , 90524.6879771 , 0.089995 , 0.0958725, 0.185417, 0.0889912, 0.823568  
 422 , 90731.2764699 , 0.0894924 , 0.0958725, 0.185417, 0.0889912, 0.823568  
 423 , 90937.839644 , 0.0902187 , 0.0958725, 0.185417, 0.0889912, 0.823568  
 424 , 91144.0448279 , 0.0900438 , 0.0958725, 0.185417, 0.0889912, 0.823568  
 425 , 91350.4953029 , 0.0902096 , 0.0958725, 0.185417, 0.0889912, 0.823568  
 426 , 91557.491667 , 0.0899375 , 0.0958725, 0.185417, 0.0889912, 0.823568  
 427 , 91764.373826 , 0.0894199 , 0.0958725, 0.185417, 0.0889912, 0.823568  
 428 , 91970.756258 , 0.0897498 , 0.0958725, 0.185417, 0.0889912, 0.823568  
 429 , 92177.754122 , 0.0900149 , 0.0958725, 0.185417, 0.0889912, 0.823568  
 430 , 92445.389555 , 0.0901351 , 0.0958537, 0.18422, 0.089143, 0.82194  
 431 , 92652.794235 , 0.0897731 , 0.0958537, 0.18422, 0.089143, 0.82194  
 432 , 92860.0206809 , 0.0900272 , 0.0958537, 0.18422, 0.089143, 0.82194  
 433 , 93067.1767271 , 0.0897802 , 0.0958537, 0.18422, 0.089143, 0.82194  
 434 , 93274.3723571 , 0.0904241 , 0.0958537, 0.18422, 0.089143, 0.82194  
 435 , 93481.698406 , 0.0900251 , 0.0958537, 0.18422, 0.089143, 0.82194  
 436 , 93689.460633 , 0.0897324 , 0.0958537, 0.18422, 0.089143, 0.82194  
 437 , 93897.1398809 , 0.0903752 , 0.0958537, 0.18422, 0.089143, 0.82194  
 438 , 94105.1966121 , 0.0898237 , 0.0958537, 0.18422, 0.089143, 0.82194  
 439 , 94313.4072571 , 0.0899914 , 0.0958537, 0.18422, 0.089143, 0.82194  
 440 , 94582.5693271 , 0.0898569 , 0.0958133, 0.185144, 0.0888434, 0.825521  
 441 , 94790.086123 , 0.0895206 , 0.0958133, 0.185144, 0.0888434, 0.825521  
 442 , 94997.4357841 , 0.0902766 , 0.0958133, 0.185144, 0.0888434, 0.825521  
 443 , 95205.103137 , 0.0896805 , 0.0958133, 0.185144, 0.0888434, 0.825521  
 444 , 95412.7130771 , 0.0901188 , 0.0958133, 0.185144, 0.0888434, 0.825521  
 445 , 95620.5651209 , 0.0900782 , 0.0958133, 0.185144, 0.0888434, 0.825521  
 446 , 95828.2814021 , 0.0899003 , 0.0958133, 0.185144, 0.0888434, 0.825521  
 447 , 96035.9302609 , 0.0899694 , 0.0958133, 0.185144, 0.0888434, 0.825521  
 448 , 96243.216578 , 0.0899149 , 0.0958133, 0.185144, 0.0888434, 0.825521  
 449 , 96450.65767 , 0.0899447 , 0.0958133, 0.185144, 0.0888434, 0.825521  
 450 , 96718.8931761 , 0.0903822 , 0.0958567, 0.184961, 0.0893966, 0.824382  
 451 , 96926.448344 , 0.0898737 , 0.0958567, 0.184961, 0.0893966, 0.824382  
 452 , 97134.0040259 , 0.0897511 , 0.0958567, 0.184961, 0.0893966, 0.824382  
 453 , 97341.7898371 , 0.0901927 , 0.0958567, 0.184961, 0.0893966, 0.824382  
 454 , 97549.268708 , 0.0899221 , 0.0958567, 0.184961, 0.0893966, 0.824382  
 455 , 97757.4332471 , 0.0898946 , 0.0958567, 0.184961, 0.0893966, 0.824382  
 456 , 97965.6661201 , 0.0897835 , 0.0958567, 0.184961, 0.0893966, 0.824382  
 457 , 98173.8564081 , 0.0897281 , 0.0958567, 0.184961, 0.0893966, 0.824382  
 458 , 98382.236248 , 0.0895628 , 0.0958567, 0.184961, 0.0893966, 0.824382  
 459 , 98590.77738 , 0.0902484 , 0.0958567, 0.184961, 0.0893966, 0.824382  
 460 , 98861.1774261 , 0.089555 , 0.0961125, 0.186258, 0.0885543, 0.824707  
 461 , 99069.739995 , 0.0897767 , 0.0961125, 0.186258, 0.0885543, 0.824707  
 462 , 99277.808702 , 0.0900281 , 0.0961125, 0.186258, 0.0885543, 0.824707  
 463 , 99486.1540329 , 0.0894724 , 0.0961125, 0.186258, 0.0885543, 0.824707  
 464 , 99694.531816 , 0.0900656 , 0.0961125, 0.186258, 0.0885543, 0.824707  
 465 , 99902.3528321 , 0.089584 , 0.0961125, 0.186258, 0.0885543, 0.824707  
 466 , 100110.865463 , 0.0899275 , 0.0961125, 0.186258, 0.0885543, 0.824707  
 467 , 100319.348674 , 0.0898031 , 0.0961125, 0.186258, 0.0885543, 0.824707  
 468 , 100527.662534 , 0.0897945 , 0.0961125, 0.186258, 0.0885543, 0.824707  
 469 , 100736.229855 , 0.089801 , 0.0961125, 0.186258, 0.0885543, 0.824707  
 470 , 101007.198103 , 0.0893578 , 0.0959739, 0.185785, 0.0883378, 0.825195  
 471 , 101216.288638 , 0.0893726 , 0.0959739, 0.185785, 0.0883378, 0.825195  
 472 , 101425.149892 , 0.0896345 , 0.0959739, 0.185785, 0.0883378, 0.825195  
 473 , 101633.712773 , 0.0898466 , 0.0959739, 0.185785, 0.0883378, 0.825195  
 474 , 101842.268774 , 0.0896395 , 0.0959739, 0.185785, 0.0883378, 0.825195  
 475 , 102051.212712 , 0.0898076 , 0.0959739, 0.185785, 0.0883378, 0.825195  
 476 , 102259.626854 , 0.0898194 , 0.0959739, 0.185785, 0.0883378, 0.825195  
 477 , 102468.543952 , 0.0892582 , 0.0959739, 0.185785, 0.0883378, 0.825195  
 478 , 102676.943116 , 0.0898674 , 0.0959739, 0.185785, 0.0883378, 0.825195  
 479 , 102885.831415 , 0.0894478 , 0.0959739, 0.185785, 0.0883378, 0.825195  
 480 , 103155.960256 , 0.0897988 , 0.0956469, 0.183941, 0.0887863, 0.823079  
 481 , 103364.861098 , 0.0894154 , 0.0956469, 0.183941, 0.0887863, 0.823079  
 482 , 103573.792952 , 0.0896239 , 0.0956469, 0.183941, 0.0887863, 0.823079  
 483 , 103783.179458 , 0.0896241 , 0.0956469, 0.183941, 0.0887863, 0.823079  
 484 , 103992.297698 , 0.0895777 , 0.0956469, 0.183941, 0.0887863, 0.823079  
 485 , 104201.777008 , 0.0896248 , 0.0956469, 0.183941, 0.0887863, 0.823079  
 486 , 104411.293377 , 0.0894537 , 0.0956469, 0.183941, 0.0887863, 0.823079  
 487 , 104620.751049 , 0.0898652 , 0.0956469, 0.183941, 0.0887863, 0.823079  
 488 , 104829.907957 , 0.0895656 , 0.0956469, 0.183941, 0.0887863, 0.823079  
 489 , 105039.13929 , 0.0897181 , 0.0956469, 0.183941, 0.0887863, 0.823079  
 490 , 105309.769912 , 0.0899913 , 0.0960259, 0.185651, 0.0889468, 0.825195  
 491 , 105518.983379 , 0.0899946 , 0.0960259, 0.185651, 0.0889468, 0.825195  
 492 , 105728.440198 , 0.0891459 , 0.0960259, 0.185651, 0.0889468, 0.825195  
 493 , 105937.716955 , 0.0898794 , 0.0960259, 0.185651, 0.0889468, 0.825195  
 494 , 106147.685685 , 0.0896722 , 0.0960259, 0.185651, 0.0889468, 0.825195  
 495 , 106357.451172 , 0.0895977 , 0.0960259, 0.185651, 0.0889468, 0.825195  
 496 , 106567.470493 , 0.089594 , 0.0960259, 0.185651, 0.0889468, 0.825195  
 497 , 106777.403551 , 0.0898252 , 0.0960259, 0.185651, 0.0889468, 0.825195  
 498 , 106987.469017 , 0.0896554 , 0.0960259, 0.185651, 0.0889468, 0.825195  
 499 , 107197.688846 , 0.0893486 , 0.0960259, 0.185651, 0.0889468, 0.825195  
 500 , 107469.777948 , 0.0896134 , 0.0960249, 0.184059, 0.0885486, 0.819336  
#  setting learning rate to 0.010000 
 501 , 107684.711337 , 0.0891192 , 0.0960249, 0.184059, 0.0885486, 0.819336  
 502 , 107893.717197 , 0.0889714 , 0.0960249, 0.184059, 0.0885486, 0.819336  
 503 , 108102.021496 , 0.0890628 , 0.0960249, 0.184059, 0.0885486, 0.819336  
 504 , 108309.563305 , 0.0891738 , 0.0960249, 0.184059, 0.0885486, 0.819336  
 505 , 108517.590533 , 0.08912 , 0.0960249, 0.184059, 0.0885486, 0.819336  
 506 , 108725.897112 , 0.0891531 , 0.0960249, 0.184059, 0.0885486, 0.819336  
 507 , 108934.368949 , 0.0886968 , 0.0960249, 0.184059, 0.0885486, 0.819336  
 508 , 109142.862897 , 0.0889502 , 0.0960249, 0.184059, 0.0885486, 0.819336  
 509 , 109352.010125 , 0.088867 , 0.0960249, 0.184059, 0.0885486, 0.819336  
 510 , 109622.277752 , 0.0890013 , 0.0956852, 0.18429, 0.0884401, 0.82373  
 511 , 109831.710323 , 0.0888795 , 0.0956852, 0.18429, 0.0884401, 0.82373  
 512 , 110040.474957 , 0.0886581 , 0.0956852, 0.18429, 0.0884401, 0.82373  
 513 , 110249.74898 , 0.0890644 , 0.0956852, 0.18429, 0.0884401, 0.82373  
 514 , 110458.616565 , 0.0887388 , 0.0956852, 0.18429, 0.0884401, 0.82373  
 515 , 110667.536816 , 0.0889461 , 0.0956852, 0.18429, 0.0884401, 0.82373  
 516 , 110877.091782 , 0.0884725 , 0.0956852, 0.18429, 0.0884401, 0.82373  
 517 , 111086.784687 , 0.0888509 , 0.0956852, 0.18429, 0.0884401, 0.82373  
 518 , 111296.806542 , 0.0890211 , 0.0956852, 0.18429, 0.0884401, 0.82373  
 519 , 111506.429467 , 0.0887635 , 0.0956852, 0.18429, 0.0884401, 0.82373  
 520 , 111777.395695 , 0.0889593 , 0.0959272, 0.18423, 0.0883789, 0.819661  
 521 , 111986.973254 , 0.0890722 , 0.0959272, 0.18423, 0.0883789, 0.819661  
 522 , 112196.694412 , 0.0889974 , 0.0959272, 0.18423, 0.0883789, 0.819661  
 523 , 112406.627572 , 0.0887278 , 0.0959272, 0.18423, 0.0883789, 0.819661  
 524 , 112616.364237 , 0.088601 , 0.0959272, 0.18423, 0.0883789, 0.819661  
 525 , 112826.226554 , 0.088382 , 0.0959272, 0.18423, 0.0883789, 0.819661  
 526 , 113036.485248 , 0.0886496 , 0.0959272, 0.18423, 0.0883789, 0.819661  
 527 , 113246.358167 , 0.0888962 , 0.0959272, 0.18423, 0.0883789, 0.819661  
 528 , 113456.667322 , 0.0888817 , 0.0959272, 0.18423, 0.0883789, 0.819661  
 529 , 113666.585936 , 0.0886569 , 0.0959272, 0.18423, 0.0883789, 0.819661  
 530 , 113938.129014 , 0.0885206 , 0.0957795, 0.184771, 0.0879353, 0.822266  
 531 , 114148.908596 , 0.0883337 , 0.0957795, 0.184771, 0.0879353, 0.822266  
 532 , 114359.092316 , 0.0890144 , 0.0957795, 0.184771, 0.0879353, 0.822266  
 533 , 114569.9207 , 0.0887942 , 0.0957795, 0.184771, 0.0879353, 0.822266  
 534 , 114780.319935 , 0.0890457 , 0.0957795, 0.184771, 0.0879353, 0.822266  
 535 , 114990.834511 , 0.0884006 , 0.0957795, 0.184771, 0.0879353, 0.822266  
 536 , 115201.341762 , 0.0887158 , 0.0957795, 0.184771, 0.0879353, 0.822266  
 537 , 115411.989957 , 0.0886422 , 0.0957795, 0.184771, 0.0879353, 0.822266  
 538 , 115622.497701 , 0.0890266 , 0.0957795, 0.184771, 0.0879353, 0.822266  
 539 , 115832.918384 , 0.0892007 , 0.0957795, 0.184771, 0.0879353, 0.822266  
 540 , 116104.839997 , 0.0887147 , 0.0957351, 0.185407, 0.0881195, 0.820964  
 541 , 116315.210977 , 0.0885291 , 0.0957351, 0.185407, 0.0881195, 0.820964  
 542 , 116525.333159 , 0.0889388 , 0.0957351, 0.185407, 0.0881195, 0.820964  
 543 , 116736.175779 , 0.0884713 , 0.0957351, 0.185407, 0.0881195, 0.820964  
 544 , 116946.964074 , 0.0886233 , 0.0957351, 0.185407, 0.0881195, 0.820964  
 545 , 117157.552802 , 0.088608 , 0.0957351, 0.185407, 0.0881195, 0.820964  
 546 , 117367.999477 , 0.0883657 , 0.0957351, 0.185407, 0.0881195, 0.820964  
 547 , 117578.660182 , 0.0888517 , 0.0957351, 0.185407, 0.0881195, 0.820964  
 548 , 117789.301864 , 0.0891029 , 0.0957351, 0.185407, 0.0881195, 0.820964  
 549 , 117999.829018 , 0.0889093 , 0.0957351, 0.185407, 0.0881195, 0.820964  
 550 , 118271.713245 , 0.0885326 , 0.0958847, 0.187376, 0.0879191, 0.822266  
 551 , 118482.502423 , 0.08867 , 0.0958847, 0.187376, 0.0879191, 0.822266  
 552 , 118693.320264 , 0.0885387 , 0.0958847, 0.187376, 0.0879191, 0.822266  
 553 , 118903.532927 , 0.0886617 , 0.0958847, 0.187376, 0.0879191, 0.822266  
 554 , 119114.067271 , 0.0887854 , 0.0958847, 0.187376, 0.0879191, 0.822266  
 555 , 119324.625285 , 0.0882076 , 0.0958847, 0.187376, 0.0879191, 0.822266  
 556 , 119535.250421 , 0.0878836 , 0.0958847, 0.187376, 0.0879191, 0.822266  
 557 , 119745.825606 , 0.0887397 , 0.0958847, 0.187376, 0.0879191, 0.822266  
 558 , 119968.23176 , 0.0887887 , 0.0958847, 0.187376, 0.0879191, 0.822266  
 559 , 120175.376328 , 0.0892425 , 0.0958847, 0.187376, 0.0879191, 0.822266  
 560 , 120443.982187 , 0.089156 , 0.0958019, 0.184849, 0.088526, 0.822266  
 561 , 120652.15694 , 0.0888857 , 0.0958019, 0.184849, 0.088526, 0.822266  
 562 , 120859.642892 , 0.0883481 , 0.0958019, 0.184849, 0.088526, 0.822266  
 563 , 121066.98272 , 0.0888275 , 0.0958019, 0.184849, 0.088526, 0.822266  
 564 , 121273.653711 , 0.0885322 , 0.0958019, 0.184849, 0.088526, 0.822266  
 565 , 121479.97927 , 0.0884213 , 0.0958019, 0.184849, 0.088526, 0.822266  
 566 , 121686.513156 , 0.0884122 , 0.0958019, 0.184849, 0.088526, 0.822266  
 567 , 121893.123879 , 0.0884899 , 0.0958019, 0.184849, 0.088526, 0.822266  
 568 , 122099.328775 , 0.0883678 , 0.0958019, 0.184849, 0.088526, 0.822266  
 569 , 122305.585903 , 0.0882377 , 0.0958019, 0.184849, 0.088526, 0.822266  
 570 , 122573.711612 , 0.0884607 , 0.0959382, 0.187061, 0.0878013, 0.821452  
 571 , 122779.746138 , 0.0888269 , 0.0959382, 0.187061, 0.0878013, 0.821452  
 572 , 122986.00157 , 0.0885428 , 0.0959382, 0.187061, 0.0878013, 0.821452  
 573 , 123192.288979 , 0.0883125 , 0.0959382, 0.187061, 0.0878013, 0.821452  
 574 , 123398.23353 , 0.0887894 , 0.0959382, 0.187061, 0.0878013, 0.821452  
 575 , 123604.359726 , 0.0883876 , 0.0959382, 0.187061, 0.0878013, 0.821452  
 576 , 123810.556584 , 0.0886499 , 0.0959382, 0.187061, 0.0878013, 0.821452  
 577 , 124016.506426 , 0.0881768 , 0.0959382, 0.187061, 0.0878013, 0.821452  
 578 , 124222.555816 , 0.0889991 , 0.0959382, 0.187061, 0.0878013, 0.821452  
 579 , 124428.698334 , 0.0883919 , 0.0959382, 0.187061, 0.0878013, 0.821452  
 580 , 124695.165991 , 0.0882915 , 0.0960509, 0.187073, 0.0876431, 0.820312  
 581 , 124901.101215 , 0.0884711 , 0.0960509, 0.187073, 0.0876431, 0.820312  
 582 , 125107.246254 , 0.0884857 , 0.0960509, 0.187073, 0.0876431, 0.820312  
 583 , 125313.216961 , 0.0886205 , 0.0960509, 0.187073, 0.0876431, 0.820312  
 584 , 125519.222026 , 0.088228 , 0.0960509, 0.187073, 0.0876431, 0.820312  
 585 , 125725.34563 , 0.0885289 , 0.0960509, 0.187073, 0.0876431, 0.820312  
 586 , 125931.393978 , 0.0888846 , 0.0960509, 0.187073, 0.0876431, 0.820312  
 587 , 126137.382058 , 0.0887559 , 0.0960509, 0.187073, 0.0876431, 0.820312  
 588 , 126343.697952 , 0.0886986 , 0.0960509, 0.187073, 0.0876431, 0.820312  
 589 , 126549.810683 , 0.0887102 , 0.0960509, 0.187073, 0.0876431, 0.820312  
 590 , 126816.886724 , 0.0884794 , 0.0960636, 0.183876, 0.0877961, 0.823242  
 591 , 127023.569715 , 0.0887087 , 0.0960636, 0.183876, 0.0877961, 0.823242  
 592 , 127229.801998 , 0.0887664 , 0.0960636, 0.183876, 0.0877961, 0.823242  
 593 , 127436.068209 , 0.0887373 , 0.0960636, 0.183876, 0.0877961, 0.823242  
 594 , 127642.465766 , 0.0884507 , 0.0960636, 0.183876, 0.0877961, 0.823242  
 595 , 127848.631806 , 0.0883168 , 0.0960636, 0.183876, 0.0877961, 0.823242  
 596 , 128055.407151 , 0.0884765 , 0.0960636, 0.183876, 0.0877961, 0.823242  
 597 , 128262.491933 , 0.0881687 , 0.0960636, 0.183876, 0.0877961, 0.823242  
 598 , 128469.821454 , 0.0884557 , 0.0960636, 0.183876, 0.0877961, 0.823242  
 599 , 128677.514523 , 0.088276 , 0.0960636, 0.183876, 0.0877961, 0.823242  
 600 , 128946.051815 , 0.0882367 , 0.0961189, 0.185558, 0.0875595, 0.817383  
 601 , 129153.686596 , 0.0881666 , 0.0961189, 0.185558, 0.0875595, 0.817383  
 602 , 129360.862484 , 0.0888796 , 0.0961189, 0.185558, 0.0875595, 0.817383  
 603 , 129568.388463 , 0.0888895 , 0.0961189, 0.185558, 0.0875595, 0.817383  
 604 , 129775.934681 , 0.0883636 , 0.0961189, 0.185558, 0.0875595, 0.817383  
 605 , 129983.850527 , 0.0883211 , 0.0961189, 0.185558, 0.0875595, 0.817383  
 606 , 130192.139503 , 0.0880385 , 0.0961189, 0.185558, 0.0875595, 0.817383  
 607 , 130400.407261 , 0.0885048 , 0.0961189, 0.185558, 0.0875595, 0.817383  
 608 , 130608.885783 , 0.0881546 , 0.0961189, 0.185558, 0.0875595, 0.817383  
 609 , 130817.765573 , 0.0885632 , 0.0961189, 0.185558, 0.0875595, 0.817383  
 610 , 131088.808521 , 0.088397 , 0.0960714, 0.184748, 0.0877048, 0.82194  
 611 , 131297.206706 , 0.0883327 , 0.0960714, 0.184748, 0.0877048, 0.82194  
 612 , 131505.713013 , 0.0886511 , 0.0960714, 0.184748, 0.0877048, 0.82194  
 613 , 131714.299301 , 0.0883042 , 0.0960714, 0.184748, 0.0877048, 0.82194  
 614 , 131923.127934 , 0.0885892 , 0.0960714, 0.184748, 0.0877048, 0.82194  
 615 , 132131.582579 , 0.0885776 , 0.0960714, 0.184748, 0.0877048, 0.82194  
 616 , 132340.821504 , 0.0882528 , 0.0960714, 0.184748, 0.0877048, 0.82194  
 617 , 132549.486181 , 0.0883175 , 0.0960714, 0.184748, 0.0877048, 0.82194  
 618 , 132758.529641 , 0.0883277 , 0.0960714, 0.184748, 0.0877048, 0.82194  
 619 , 132967.256417 , 0.0885881 , 0.0960714, 0.184748, 0.0877048, 0.82194  
 620 , 133237.490414 , 0.0885205 , 0.0960841, 0.184478, 0.0878374, 0.822917  
 621 , 133446.852357 , 0.0881843 , 0.0960841, 0.184478, 0.0878374, 0.822917  
 622 , 133655.795223 , 0.0884348 , 0.0960841, 0.184478, 0.0878374, 0.822917  
 623 , 133864.50043 , 0.0882515 , 0.0960841, 0.184478, 0.0878374, 0.822917  
 624 , 134072.963475 , 0.087709 , 0.0960841, 0.184478, 0.0878374, 0.822917  
 625 , 134281.82794 , 0.0883909 , 0.0960841, 0.184478, 0.0878374, 0.822917  
 626 , 134490.692128 , 0.0884535 , 0.0960841, 0.184478, 0.0878374, 0.822917  
 627 , 134700.003177 , 0.0880824 , 0.0960841, 0.184478, 0.0878374, 0.822917  
 628 , 134909.097097 , 0.088163 , 0.0960841, 0.184478, 0.0878374, 0.822917  
 629 , 135118.110863 , 0.0885428 , 0.0960841, 0.184478, 0.0878374, 0.822917  
 630 , 135388.436582 , 0.0883872 , 0.0960188, 0.18424, 0.0876767, 0.818848  
 631 , 135597.946083 , 0.0881471 , 0.0960188, 0.18424, 0.0876767, 0.818848  
 632 , 135807.126657 , 0.0882984 , 0.0960188, 0.18424, 0.0876767, 0.818848  
 633 , 136015.978349 , 0.0883784 , 0.0960188, 0.18424, 0.0876767, 0.818848  
 634 , 136224.45686 , 0.0882908 , 0.0960188, 0.18424, 0.0876767, 0.818848  
 635 , 136433.426343 , 0.0883316 , 0.0960188, 0.18424, 0.0876767, 0.818848  
 636 , 136641.694513 , 0.0886345 , 0.0960188, 0.18424, 0.0876767, 0.818848  
 637 , 136850.579043 , 0.0883716 , 0.0960188, 0.18424, 0.0876767, 0.818848  
 638 , 137059.498197 , 0.0881636 , 0.0960188, 0.18424, 0.0876767, 0.818848  
 639 , 137268.37222 , 0.0881992 , 0.0960188, 0.18424, 0.0876767, 0.818848  
 640 , 137540.221005 , 0.0881075 , 0.0963036, 0.184571, 0.0873798, 0.816732  
 641 , 137749.40443 , 0.0882882 , 0.0963036, 0.184571, 0.0873798, 0.816732  
 642 , 137957.994642 , 0.0882787 , 0.0963036, 0.184571, 0.0873798, 0.816732  
 643 , 138166.481711 , 0.0883273 , 0.0963036, 0.184571, 0.0873798, 0.816732  
 644 , 138375.479882 , 0.0885424 , 0.0963036, 0.184571, 0.0873798, 0.816732  
 645 , 138584.560852 , 0.0881344 , 0.0963036, 0.184571, 0.0873798, 0.816732  
 646 , 138793.885761 , 0.0881751 , 0.0963036, 0.184571, 0.0873798, 0.816732  
 647 , 139003.110127 , 0.088005 , 0.0963036, 0.184571, 0.0873798, 0.816732  
 648 , 139212.308744 , 0.0883112 , 0.0963036, 0.184571, 0.0873798, 0.816732  
 649 , 139421.7648 , 0.0879964 , 0.0963036, 0.184571, 0.0873798, 0.816732  
 650 , 139692.72866 , 0.088114 , 0.09639, 0.185299, 0.0873957, 0.824056  
 651 , 139902.42944 , 0.0885657 , 0.09639, 0.185299, 0.0873957, 0.824056  
 652 , 140111.836254 , 0.0879386 , 0.09639, 0.185299, 0.0873957, 0.824056  
 653 , 140321.468655 , 0.0881884 , 0.09639, 0.185299, 0.0873957, 0.824056  
 654 , 140531.214961 , 0.0881453 , 0.09639, 0.185299, 0.0873957, 0.824056  
 655 , 140741.011313 , 0.0881501 , 0.09639, 0.185299, 0.0873957, 0.824056  
 656 , 140950.716515 , 0.0880492 , 0.09639, 0.185299, 0.0873957, 0.824056  
 657 , 141160.497547 , 0.0884376 , 0.09639, 0.185299, 0.0873957, 0.824056  
 658 , 141370.699755 , 0.0882923 , 0.09639, 0.185299, 0.0873957, 0.824056  
 659 , 141580.824179 , 0.0878763 , 0.09639, 0.185299, 0.0873957, 0.824056  
 660 , 141852.117867 , 0.0881336 , 0.0960985, 0.183974, 0.0874167, 0.822591  
 661 , 142062.23088 , 0.0881925 , 0.0960985, 0.183974, 0.0874167, 0.822591  
 662 , 142272.513511 , 0.0882099 , 0.0960985, 0.183974, 0.0874167, 0.822591  
 663 , 142482.70851 , 0.0881348 , 0.0960985, 0.183974, 0.0874167, 0.822591  
 664 , 142693.117418 , 0.0882086 , 0.0960985, 0.183974, 0.0874167, 0.822591  
 665 , 142903.373937 , 0.0884094 , 0.0960985, 0.183974, 0.0874167, 0.822591  
 666 , 143114.104759 , 0.0882737 , 0.0960985, 0.183974, 0.0874167, 0.822591  
 667 , 143324.332959 , 0.0878338 , 0.0960985, 0.183974, 0.0874167, 0.822591  
 668 , 143534.200162 , 0.0881909 , 0.0960985, 0.183974, 0.0874167, 0.822591  
 669 , 143744.38316 , 0.0881784 , 0.0960985, 0.183974, 0.0874167, 0.822591  
 670 , 144016.055227 , 0.0882089 , 0.0958911, 0.185461, 0.0874824, 0.820801  
 671 , 144226.494653 , 0.0880657 , 0.0958911, 0.185461, 0.0874824, 0.820801  
 672 , 144436.813573 , 0.0880919 , 0.0958911, 0.185461, 0.0874824, 0.820801  
 673 , 144647.513298 , 0.087982 , 0.0958911, 0.185461, 0.0874824, 0.820801  
 674 , 144857.733238 , 0.0880439 , 0.0958911, 0.185461, 0.0874824, 0.820801  
 675 , 145068.243541 , 0.0878052 , 0.0958911, 0.185461, 0.0874824, 0.820801  
 676 , 145278.505803 , 0.0880087 , 0.0958911, 0.185461, 0.0874824, 0.820801  
 677 , 145488.759849 , 0.0880837 , 0.0958911, 0.185461, 0.0874824, 0.820801  
 678 , 145699.127401 , 0.0881612 , 0.0958911, 0.185461, 0.0874824, 0.820801  
 679 , 145909.906602 , 0.0881045 , 0.0958911, 0.185461, 0.0874824, 0.820801  
 680 , 146181.121555 , 0.0884717 , 0.0960477, 0.186366, 0.0877121, 0.823893  
 681 , 146391.822328 , 0.087829 , 0.0960477, 0.186366, 0.0877121, 0.823893  
 682 , 146602.188743 , 0.0883912 , 0.0960477, 0.186366, 0.0877121, 0.823893  
 683 , 146812.219636 , 0.0881653 , 0.0960477, 0.186366, 0.0877121, 0.823893  
 684 , 147021.873989 , 0.0880532 , 0.0960477, 0.186366, 0.0877121, 0.823893  
 685 , 147229.875541 , 0.0882849 , 0.0960477, 0.186366, 0.0877121, 0.823893  
 686 , 147438.211537 , 0.0885672 , 0.0960477, 0.186366, 0.0877121, 0.823893  
 687 , 147646.608216 , 0.0878289 , 0.0960477, 0.186366, 0.0877121, 0.823893  
 688 , 147855.125549 , 0.0883654 , 0.0960477, 0.186366, 0.0877121, 0.823893  
 689 , 148063.264188 , 0.0880236 , 0.0960477, 0.186366, 0.0877121, 0.823893  
 690 , 148333.402103 , 0.0878532 , 0.0963978, 0.185141, 0.0870996, 0.81901  
 691 , 148541.981386 , 0.0878122 , 0.0963978, 0.185141, 0.0870996, 0.81901  
 692 , 148750.706118 , 0.0874874 , 0.0963978, 0.185141, 0.0870996, 0.81901  
 693 , 148959.535123 , 0.0876024 , 0.0963978, 0.185141, 0.0870996, 0.81901  
 694 , 149168.501603 , 0.0880562 , 0.0963978, 0.185141, 0.0870996, 0.81901  
 695 , 149377.197415 , 0.0881157 , 0.0963978, 0.185141, 0.0870996, 0.81901  
 696 , 149586.055289 , 0.0876198 , 0.0963978, 0.185141, 0.0870996, 0.81901  
 697 , 149795.449943 , 0.0878897 , 0.0963978, 0.185141, 0.0870996, 0.81901  
 698 , 150003.799831 , 0.0876852 , 0.0963978, 0.185141, 0.0870996, 0.81901  
 699 , 150212.507147 , 0.087962 , 0.0963978, 0.185141, 0.0870996, 0.81901  
 700 , 150482.349715 , 0.087872 , 0.0960563, 0.186815, 0.0871117, 0.817546  
 701 , 150690.623233 , 0.0879964 , 0.0960563, 0.186815, 0.0871117, 0.817546  
 702 , 150899.045999 , 0.0878763 , 0.0960563, 0.186815, 0.0871117, 0.817546  
 703 , 151107.509666 , 0.0881815 , 0.0960563, 0.186815, 0.0871117, 0.817546  
 704 , 151315.811765 , 0.0882826 , 0.0960563, 0.186815, 0.0871117, 0.817546  
 705 , 151524.329718 , 0.088502 , 0.0960563, 0.186815, 0.0871117, 0.817546  
 706 , 151732.916859 , 0.0876159 , 0.0960563, 0.186815, 0.0871117, 0.817546  
 707 , 151942.189051 , 0.0878906 , 0.0960563, 0.186815, 0.0871117, 0.817546  
 708 , 152151.237673 , 0.0880703 , 0.0960563, 0.186815, 0.0871117, 0.817546  
 709 , 152360.395706 , 0.0876376 , 0.0960563, 0.186815, 0.0871117, 0.817546  
 710 , 152631.197959 , 0.0875827 , 0.0961411, 0.182983, 0.0868076, 0.815918  
 711 , 152841.505568 , 0.0879528 , 0.0961411, 0.182983, 0.0868076, 0.815918  
 712 , 153051.765635 , 0.0879876 , 0.0961411, 0.182983, 0.0868076, 0.815918  
 713 , 153261.712279 , 0.0875977 , 0.0961411, 0.182983, 0.0868076, 0.815918  
 714 , 153471.847774 , 0.0880184 , 0.0961411, 0.182983, 0.0868076, 0.815918  
 715 , 153682.148895 , 0.0874715 , 0.0961411, 0.182983, 0.0868076, 0.815918  
 716 , 153892.44847 , 0.0880833 , 0.0961411, 0.182983, 0.0868076, 0.815918  
 717 , 154103.086107 , 0.0882597 , 0.0961411, 0.182983, 0.0868076, 0.815918  
 718 , 154313.185598 , 0.0876048 , 0.0961411, 0.182983, 0.0868076, 0.815918  
 719 , 154523.283468 , 0.0879836 , 0.0961411, 0.182983, 0.0868076, 0.815918  
 720 , 154794.82775 , 0.0877921 , 0.0962143, 0.186252, 0.0870155, 0.822591  
 721 , 155005.225567 , 0.0874617 , 0.0962143, 0.186252, 0.0870155, 0.822591  
 722 , 155215.491631 , 0.0880023 , 0.0962143, 0.186252, 0.0870155, 0.822591  
 723 , 155425.288518 , 0.0881709 , 0.0962143, 0.186252, 0.0870155, 0.822591  
 724 , 155635.482966 , 0.0879692 , 0.0962143, 0.186252, 0.0870155, 0.822591  
 725 , 155846.11641 , 0.0876509 , 0.0962143, 0.186252, 0.0870155, 0.822591  
 726 , 156055.762119 , 0.087738 , 0.0962143, 0.186252, 0.0870155, 0.822591  
 727 , 156265.645514 , 0.0873776 , 0.0962143, 0.186252, 0.0870155, 0.822591  
 728 , 156475.94938 , 0.0877215 , 0.0962143, 0.186252, 0.0870155, 0.822591  
 729 , 156686.244449 , 0.0879232 , 0.0962143, 0.186252, 0.0870155, 0.822591  
 730 , 156957.594232 , 0.0875479 , 0.0961828, 0.185081, 0.0867505, 0.819987  
 731 , 157167.975807 , 0.0876273 , 0.0961828, 0.185081, 0.0867505, 0.819987  
 732 , 157378.168104 , 0.0878525 , 0.0961828, 0.185081, 0.0867505, 0.819987  
 733 , 157588.689579 , 0.0878745 , 0.0961828, 0.185081, 0.0867505, 0.819987  
 734 , 157799.118904 , 0.0877851 , 0.0961828, 0.185081, 0.0867505, 0.819987  
 735 , 158010.00793 , 0.0878238 , 0.0961828, 0.185081, 0.0867505, 0.819987  
 736 , 158220.634183 , 0.0874373 , 0.0961828, 0.185081, 0.0867505, 0.819987  
 737 , 158431.794229 , 0.0876629 , 0.0961828, 0.185081, 0.0867505, 0.819987  
 738 , 158642.649263 , 0.0878586 , 0.0961828, 0.185081, 0.0867505, 0.819987  
 739 , 158852.955254 , 0.087663 , 0.0961828, 0.185081, 0.0867505, 0.819987  
 740 , 159124.490007 , 0.0882599 , 0.0960307, 0.185412, 0.0874569, 0.821777  
 741 , 159334.846768 , 0.0875 , 0.0960307, 0.185412, 0.0874569, 0.821777  
 742 , 159541.53524 , 0.0882814 , 0.0960307, 0.185412, 0.0874569, 0.821777  
 743 , 159748.44839 , 0.0876788 , 0.0960307, 0.185412, 0.0874569, 0.821777  
 744 , 159955.339988 , 0.0874169 , 0.0960307, 0.185412, 0.0874569, 0.821777  
 745 , 160162.973182 , 0.0876122 , 0.0960307, 0.185412, 0.0874569, 0.821777  
 746 , 160370.871461 , 0.0880771 , 0.0960307, 0.185412, 0.0874569, 0.821777  
 747 , 160578.763842 , 0.0879441 , 0.0960307, 0.185412, 0.0874569, 0.821777  
 748 , 160787.020184 , 0.0877865 , 0.0960307, 0.185412, 0.0874569, 0.821777  
 749 , 160995.555332 , 0.0877911 , 0.0960307, 0.185412, 0.0874569, 0.821777  
 750 , 161265.114074 , 0.087845 , 0.0963768, 0.185883, 0.0870156, 0.818197  
 751 , 161473.820504 , 0.0876609 , 0.0963768, 0.185883, 0.0870156, 0.818197  
 752 , 161681.906894 , 0.0878857 , 0.0963768, 0.185883, 0.0870156, 0.818197  
 753 , 161890.184882 , 0.087751 , 0.0963768, 0.185883, 0.0870156, 0.818197  
 754 , 162098.003391 , 0.0876749 , 0.0963768, 0.185883, 0.0870156, 0.818197  
 755 , 162305.816161 , 0.0873729 , 0.0963768, 0.185883, 0.0870156, 0.818197  
 756 , 162513.954842 , 0.0874585 , 0.0963768, 0.185883, 0.0870156, 0.818197  
 757 , 162722.328526 , 0.0874008 , 0.0963768, 0.185883, 0.0870156, 0.818197  
 758 , 162931.318868 , 0.0876719 , 0.0963768, 0.185883, 0.0870156, 0.818197  
 759 , 163140.1233 , 0.0874978 , 0.0963768, 0.185883, 0.0870156, 0.818197  
 760 , 163410.034885 , 0.0875688 , 0.0963729, 0.185293, 0.086747, 0.818197  
 761 , 163618.768062 , 0.0876188 , 0.0963729, 0.185293, 0.086747, 0.818197  
 762 , 163828.118952 , 0.0876963 , 0.0963729, 0.185293, 0.086747, 0.818197  
 763 , 164036.542522 , 0.0875494 , 0.0963729, 0.185293, 0.086747, 0.818197  
 764 , 164245.4935 , 0.0878094 , 0.0963729, 0.185293, 0.086747, 0.818197  
 765 , 164454.296707 , 0.0878026 , 0.0963729, 0.185293, 0.086747, 0.818197  
 766 , 164663.195216 , 0.0876516 , 0.0963729, 0.185293, 0.086747, 0.818197  
 767 , 164872.477411 , 0.087647 , 0.0963729, 0.185293, 0.086747, 0.818197  
 768 , 165081.666509 , 0.0873146 , 0.0963729, 0.185293, 0.086747, 0.818197  
 769 , 165291.15385 , 0.0875662 , 0.0963729, 0.185293, 0.086747, 0.818197  
 770 , 165561.597423 , 0.0874238 , 0.0961632, 0.185678, 0.0865984, 0.818685  
 771 , 165770.585725 , 0.0876417 , 0.0961632, 0.185678, 0.0865984, 0.818685  
 772 , 165979.752031 , 0.0876006 , 0.0961632, 0.185678, 0.0865984, 0.818685  
 773 , 166188.875466 , 0.0874373 , 0.0961632, 0.185678, 0.0865984, 0.818685  
 774 , 166398.603653 , 0.0879405 , 0.0961632, 0.185678, 0.0865984, 0.818685  
 775 , 166608.105507 , 0.0877702 , 0.0961632, 0.185678, 0.0865984, 0.818685  
 776 , 166818.219459 , 0.0870384 , 0.0961632, 0.185678, 0.0865984, 0.818685  
 777 , 167028.476867 , 0.0875408 , 0.0961632, 0.185678, 0.0865984, 0.818685  
 778 , 167238.189408 , 0.0873057 , 0.0961632, 0.185678, 0.0865984, 0.818685  
 779 , 167447.963212 , 0.0875977 , 0.0961632, 0.185678, 0.0865984, 0.818685  
 780 , 167718.752014 , 0.0878007 , 0.0963704, 0.18469, 0.0869391, 0.820964  
 781 , 167928.19278 , 0.0874691 , 0.0963704, 0.18469, 0.0869391, 0.820964  
 782 , 168138.109624 , 0.0873709 , 0.0963704, 0.18469, 0.0869391, 0.820964  
 783 , 168347.575265 , 0.0874872 , 0.0963704, 0.18469, 0.0869391, 0.820964  
 784 , 168557.088063 , 0.0873633 , 0.0963704, 0.18469, 0.0869391, 0.820964  
 785 , 168766.775267 , 0.0875304 , 0.0963704, 0.18469, 0.0869391, 0.820964  
 786 , 168976.679005 , 0.0880323 , 0.0963704, 0.18469, 0.0869391, 0.820964  
 787 , 169186.13017 , 0.0872229 , 0.0963704, 0.18469, 0.0869391, 0.820964  
 788 , 169395.549057 , 0.087339 , 0.0963704, 0.18469, 0.0869391, 0.820964  
 789 , 169605.059904 , 0.0871834 , 0.0963704, 0.18469, 0.0869391, 0.820964  
 790 , 169876.309132 , 0.08722 , 0.0965342, 0.184819, 0.0863768, 0.815104  
 791 , 170085.954339 , 0.0876562 , 0.0965342, 0.184819, 0.0863768, 0.815104  
 792 , 170295.354582 , 0.08762 , 0.0965342, 0.184819, 0.0863768, 0.815104  
 793 , 170504.98446 , 0.0876124 , 0.0965342, 0.184819, 0.0863768, 0.815104  
 794 , 170714.902632 , 0.0879814 , 0.0965342, 0.184819, 0.0863768, 0.815104  
 795 , 170924.954641 , 0.0877915 , 0.0965342, 0.184819, 0.0863768, 0.815104  
 796 , 171134.789605 , 0.0875666 , 0.0965342, 0.184819, 0.0863768, 0.815104  
 797 , 171345.112224 , 0.08768 , 0.0965342, 0.184819, 0.0863768, 0.815104  
 798 , 171555.162251 , 0.087402 , 0.0965342, 0.184819, 0.0863768, 0.815104  
 799 , 171765.240176 , 0.0874202 , 0.0965342, 0.184819, 0.0863768, 0.815104  
 800 , 172036.185097 , 0.0877088 , 0.0964282, 0.183905, 0.0868533, 0.819987  
 801 , 172245.896921 , 0.0876098 , 0.0964282, 0.183905, 0.0868533, 0.819987  
 802 , 172455.657902 , 0.0874678 , 0.0964282, 0.183905, 0.0868533, 0.819987  
 803 , 172665.601001 , 0.0873186 , 0.0964282, 0.183905, 0.0868533, 0.819987  
 804 , 172876.117006 , 0.0870008 , 0.0964282, 0.183905, 0.0868533, 0.819987  
 805 , 173086.168479 , 0.0872696 , 0.0964282, 0.183905, 0.0868533, 0.819987  
 806 , 173296.288175 , 0.0873826 , 0.0964282, 0.183905, 0.0868533, 0.819987  
 807 , 173506.52539 , 0.0873392 , 0.0964282, 0.183905, 0.0868533, 0.819987  
 808 , 173717.183986 , 0.0872362 , 0.0964282, 0.183905, 0.0868533, 0.819987  
 809 , 173927.808615 , 0.0873044 , 0.0964282, 0.183905, 0.0868533, 0.819987  
 810 , 174199.72876 , 0.0870502 , 0.0965238, 0.185026, 0.0861578, 0.820638  
 811 , 174410.423276 , 0.0878386 , 0.0965238, 0.185026, 0.0861578, 0.820638  
 812 , 174620.819296 , 0.0874961 , 0.0965238, 0.185026, 0.0861578, 0.820638  
 813 , 174831.831255 , 0.087209 , 0.0965238, 0.185026, 0.0861578, 0.820638  
 814 , 175042.478487 , 0.087168 , 0.0965238, 0.185026, 0.0861578, 0.820638  
 815 , 175253.439008 , 0.0875054 , 0.0965238, 0.185026, 0.0861578, 0.820638  
 816 , 175464.04442 , 0.0873474 , 0.0965238, 0.185026, 0.0861578, 0.820638  
 817 , 175674.633102 , 0.0872113 , 0.0965238, 0.185026, 0.0861578, 0.820638  
 818 , 175885.043749 , 0.0871997 , 0.0965238, 0.185026, 0.0861578, 0.820638  
 819 , 176095.506049 , 0.0868412 , 0.0965238, 0.185026, 0.0861578, 0.820638  
 820 , 176367.471774 , 0.0871505 , 0.096462, 0.183991, 0.0862576, 0.815918  
 821 , 176578.486511 , 0.0873142 , 0.096462, 0.183991, 0.0862576, 0.815918  
 822 , 176788.885659 , 0.0870883 , 0.096462, 0.183991, 0.0862576, 0.815918  
 823 , 176999.013697 , 0.0872295 , 0.096462, 0.183991, 0.0862576, 0.815918  
 824 , 177209.990389 , 0.0874392 , 0.096462, 0.183991, 0.0862576, 0.815918  
 825 , 177420.952141 , 0.0867605 , 0.096462, 0.183991, 0.0862576, 0.815918  
 826 , 177631.6512 , 0.086983 , 0.096462, 0.183991, 0.0862576, 0.815918  
 827 , 177842.549595 , 0.0874815 , 0.096462, 0.183991, 0.0862576, 0.815918  
 828 , 178053.35105 , 0.0872828 , 0.096462, 0.183991, 0.0862576, 0.815918  
 829 , 178261.198689 , 0.0876052 , 0.096462, 0.183991, 0.0862576, 0.815918  
 830 , 178530.862529 , 0.0872659 , 0.0963511, 0.184118, 0.0863844, 0.819499  
 831 , 178739.532167 , 0.0871568 , 0.0963511, 0.184118, 0.0863844, 0.819499  
 832 , 178947.557973 , 0.0874313 , 0.0963511, 0.184118, 0.0863844, 0.819499  
 833 , 179155.689648 , 0.0870289 , 0.0963511, 0.184118, 0.0863844, 0.819499  
 834 , 179364.436438 , 0.0870494 , 0.0963511, 0.184118, 0.0863844, 0.819499  
 835 , 179572.891472 , 0.0873616 , 0.0963511, 0.184118, 0.0863844, 0.819499  
 836 , 179781.699523 , 0.0873981 , 0.0963511, 0.184118, 0.0863844, 0.819499  
 837 , 179990.306428 , 0.0869555 , 0.0963511, 0.184118, 0.0863844, 0.819499  
 838 , 180199.312032 , 0.0873974 , 0.0963511, 0.184118, 0.0863844, 0.819499  
 839 , 180422.834665 , 0.0874087 , 0.0963511, 0.184118, 0.0863844, 0.819499  
 840 , 180693.224088 , 0.0872401 , 0.0969331, 0.185373, 0.0863469, 0.818522  
 841 , 180900.267708 , 0.0871274 , 0.0969331, 0.185373, 0.0863469, 0.818522  
 842 , 181107.533473 , 0.0871417 , 0.0969331, 0.185373, 0.0863469, 0.818522  
 843 , 181314.468988 , 0.0871958 , 0.0969331, 0.185373, 0.0863469, 0.818522  
 844 , 181521.263206 , 0.0870276 , 0.0969331, 0.185373, 0.0863469, 0.818522  
 845 , 181728.657846 , 0.0871039 , 0.0969331, 0.185373, 0.0863469, 0.818522  
 846 , 181935.706505 , 0.0872564 , 0.0969331, 0.185373, 0.0863469, 0.818522  
 847 , 182143.53886 , 0.086748 , 0.0969331, 0.185373, 0.0863469, 0.818522  
 848 , 182351.360349 , 0.0874828 , 0.0969331, 0.185373, 0.0863469, 0.818522  
 849 , 182559.046792 , 0.0874708 , 0.0969331, 0.185373, 0.0863469, 0.818522  
 850 , 182828.855384 , 0.087758 , 0.0964692, 0.185987, 0.0868404, 0.821777  
 851 , 183037.642111 , 0.0873639 , 0.0964692, 0.185987, 0.0868404, 0.821777  
 852 , 183245.889632 , 0.0872377 , 0.0964692, 0.185987, 0.0868404, 0.821777  
 853 , 183454.33205 , 0.0872339 , 0.0964692, 0.185987, 0.0868404, 0.821777  
 854 , 183663.731789 , 0.0870827 , 0.0964692, 0.185987, 0.0868404, 0.821777  
 855 , 183872.087109 , 0.0873176 , 0.0964692, 0.185987, 0.0868404, 0.821777  
 856 , 184081.050477 , 0.0874962 , 0.0964692, 0.185987, 0.0868404, 0.821777  
 857 , 184289.6171 , 0.0873557 , 0.0964692, 0.185987, 0.0868404, 0.821777  
 858 , 184498.243312 , 0.0869273 , 0.0964692, 0.185987, 0.0868404, 0.821777  
 859 , 184706.909166 , 0.0871514 , 0.0964692, 0.185987, 0.0868404, 0.821777  
 860 , 184977.906549 , 0.0866863 , 0.0964869, 0.184574, 0.0857987, 0.819824  
 861 , 185187.058338 , 0.0869437 , 0.0964869, 0.184574, 0.0857987, 0.819824  
 862 , 185396.15196 , 0.0871461 , 0.0964869, 0.184574, 0.0857987, 0.819824  
 863 , 185605.455152 , 0.0869616 , 0.0964869, 0.184574, 0.0857987, 0.819824  
 864 , 185814.794409 , 0.0870964 , 0.0964869, 0.184574, 0.0857987, 0.819824  
 865 , 186024.348339 , 0.0869735 , 0.0964869, 0.184574, 0.0857987, 0.819824  
 866 , 186234.401227 , 0.0871925 , 0.0964869, 0.184574, 0.0857987, 0.819824  
 867 , 186443.73307 , 0.0870289 , 0.0964869, 0.184574, 0.0857987, 0.819824  
 868 , 186652.567485 , 0.0868725 , 0.0964869, 0.184574, 0.0857987, 0.819824  
 869 , 186862.267527 , 0.0871193 , 0.0964869, 0.184574, 0.0857987, 0.819824  
 870 , 187133.491198 , 0.0872784 , 0.0965795, 0.183003, 0.0863804, 0.816081  
 871 , 187342.378345 , 0.086945 , 0.0965795, 0.183003, 0.0863804, 0.816081  
 872 , 187551.86189 , 0.0874052 , 0.0965795, 0.183003, 0.0863804, 0.816081  
 873 , 187760.643706 , 0.0868619 , 0.0965795, 0.183003, 0.0863804, 0.816081  
 874 , 187969.8034 , 0.0868883 , 0.0965795, 0.183003, 0.0863804, 0.816081  
 875 , 188178.986838 , 0.0869486 , 0.0965795, 0.183003, 0.0863804, 0.816081  
 876 , 188388.232113 , 0.086751 , 0.0965795, 0.183003, 0.0863804, 0.816081  
 877 , 188596.977664 , 0.0868139 , 0.0965795, 0.183003, 0.0863804, 0.816081  
 878 , 188806.551096 , 0.0867992 , 0.0965795, 0.183003, 0.0863804, 0.816081  
 879 , 189015.273226 , 0.086772 , 0.0965795, 0.183003, 0.0863804, 0.816081  
 880 , 189286.030586 , 0.0868362 , 0.0965575, 0.184991, 0.0858761, 0.816895  
 881 , 189495.215129 , 0.0871854 , 0.0965575, 0.184991, 0.0858761, 0.816895  
 882 , 189704.009592 , 0.0868666 , 0.0965575, 0.184991, 0.0858761, 0.816895  
 883 , 189913.117685 , 0.0868936 , 0.0965575, 0.184991, 0.0858761, 0.816895  
 884 , 190122.316435 , 0.0871834 , 0.0965575, 0.184991, 0.0858761, 0.816895  
 885 , 190331.358775 , 0.0871555 , 0.0965575, 0.184991, 0.0858761, 0.816895  
 886 , 190540.760585 , 0.0870616 , 0.0965575, 0.184991, 0.0858761, 0.816895  
 887 , 190750.25687 , 0.0871133 , 0.0965575, 0.184991, 0.0858761, 0.816895  
 888 , 190959.832687 , 0.0866933 , 0.0965575, 0.184991, 0.0858761, 0.816895  
 889 , 191168.706921 , 0.0867698 , 0.0965575, 0.184991, 0.0858761, 0.816895  
 890 , 191439.971305 , 0.0872599 , 0.0966448, 0.185127, 0.0863056, 0.819499  
 891 , 191649.390764 , 0.0867651 , 0.0966448, 0.185127, 0.0863056, 0.819499  
 892 , 191859.279233 , 0.0873725 , 0.0966448, 0.185127, 0.0863056, 0.819499  
 893 , 192068.806639 , 0.0867368 , 0.0966448, 0.185127, 0.0863056, 0.819499  
 894 , 192278.426236 , 0.0867962 , 0.0966448, 0.185127, 0.0863056, 0.819499  
 895 , 192487.214615 , 0.0872087 , 0.0966448, 0.185127, 0.0863056, 0.819499  
 896 , 192696.463184 , 0.0869728 , 0.0966448, 0.185127, 0.0863056, 0.819499  
 897 , 192905.709888 , 0.0867417 , 0.0966448, 0.185127, 0.0863056, 0.819499  
 898 , 193115.847588 , 0.0867816 , 0.0966448, 0.185127, 0.0863056, 0.819499  
 899 , 193325.446071 , 0.0870122 , 0.0966448, 0.185127, 0.0863056, 0.819499  
 900 , 193596.816667 , 0.0871489 , 0.0965962, 0.186578, 0.0862112, 0.816081  
 901 , 193806.496656 , 0.0868654 , 0.0965962, 0.186578, 0.0862112, 0.816081  
 902 , 194016.438631 , 0.0867736 , 0.0965962, 0.186578, 0.0862112, 0.816081  
 903 , 194226.524551 , 0.0870457 , 0.0965962, 0.186578, 0.0862112, 0.816081  
 904 , 194436.439008 , 0.0868852 , 0.0965962, 0.186578, 0.0862112, 0.816081  
 905 , 194646.82827 , 0.0867185 , 0.0965962, 0.186578, 0.0862112, 0.816081  
 906 , 194856.931856 , 0.0871763 , 0.0965962, 0.186578, 0.0862112, 0.816081  
 907 , 195067.153053 , 0.0871346 , 0.0965962, 0.186578, 0.0862112, 0.816081  
 908 , 195277.251482 , 0.0868543 , 0.0965962, 0.186578, 0.0862112, 0.816081  
 909 , 195487.452013 , 0.0872008 , 0.0965962, 0.186578, 0.0862112, 0.816081  
 910 , 195759.206635 , 0.0870082 , 0.0970845, 0.18576, 0.086043, 0.81722  
 911 , 195970.053574 , 0.0870122 , 0.0970845, 0.18576, 0.086043, 0.81722  
 912 , 196180.123108 , 0.0865472 , 0.0970845, 0.18576, 0.086043, 0.81722  
 913 , 196390.974961 , 0.0870229 , 0.0970845, 0.18576, 0.086043, 0.81722  
 914 , 196601.215843 , 0.0868888 , 0.0970845, 0.18576, 0.086043, 0.81722  
 915 , 196811.364479 , 0.0868276 , 0.0970845, 0.18576, 0.086043, 0.81722  
 916 , 197021.530373 , 0.0868463 , 0.0970845, 0.18576, 0.086043, 0.81722  
 917 , 197232.230483 , 0.0871891 , 0.0970845, 0.18576, 0.086043, 0.81722  
 918 , 197442.807506 , 0.0870144 , 0.0970845, 0.18576, 0.086043, 0.81722  
 919 , 197653.203145 , 0.0867139 , 0.0970845, 0.18576, 0.086043, 0.81722  
 920 , 197925.620121 , 0.0868031 , 0.0967643, 0.185677, 0.0858263, 0.821777  
 921 , 198136.092238 , 0.0869145 , 0.0967643, 0.185677, 0.0858263, 0.821777  
 922 , 198346.61577 , 0.0867248 , 0.0967643, 0.185677, 0.0858263, 0.821777  
 923 , 198557.516861 , 0.0873494 , 0.0967643, 0.185677, 0.0858263, 0.821777  
 924 , 198768.204403 , 0.0871874 , 0.0967643, 0.185677, 0.0858263, 0.821777  
 925 , 198978.901849 , 0.0869386 , 0.0967643, 0.185677, 0.0858263, 0.821777  
 926 , 199190.02077 , 0.0867202 , 0.0967643, 0.185677, 0.0858263, 0.821777  
 927 , 199398.628977 , 0.0868256 , 0.0967643, 0.185677, 0.0858263, 0.821777  
 928 , 199607.477378 , 0.0868204 , 0.0967643, 0.185677, 0.0858263, 0.821777  
 929 , 199816.500218 , 0.0866846 , 0.0967643, 0.185677, 0.0858263, 0.821777  
 930 , 200087.11782 , 0.0868021 , 0.0965897, 0.183334, 0.0858292, 0.814616  
 931 , 200295.836738 , 0.086914 , 0.0965897, 0.183334, 0.0858292, 0.814616  
 932 , 200505.278119 , 0.086746 , 0.0965897, 0.183334, 0.0858292, 0.814616  
 933 , 200714.07641 , 0.0868573 , 0.0965897, 0.183334, 0.0858292, 0.814616  
 934 , 200923.309176 , 0.0862858 , 0.0965897, 0.183334, 0.0858292, 0.814616  
 935 , 201133.08006 , 0.0865312 , 0.0965897, 0.183334, 0.0858292, 0.814616  
 936 , 201342.306414 , 0.087064 , 0.0965897, 0.183334, 0.0858292, 0.814616  
 937 , 201551.689251 , 0.0866167 , 0.0965897, 0.183334, 0.0858292, 0.814616  
 938 , 201761.689843 , 0.0867943 , 0.0965897, 0.183334, 0.0858292, 0.814616  
 939 , 201971.66437 , 0.0868213 , 0.0965897, 0.183334, 0.0858292, 0.814616  
 940 , 202243.323585 , 0.0871155 , 0.0966528, 0.184385, 0.0861158, 0.817708  
 941 , 202452.540236 , 0.0865784 , 0.0966528, 0.184385, 0.0861158, 0.817708  
 942 , 202661.40816 , 0.0867739 , 0.0966528, 0.184385, 0.0861158, 0.817708  
 943 , 202870.662173 , 0.0870836 , 0.0966528, 0.184385, 0.0861158, 0.817708  
 944 , 203080.403533 , 0.0864856 , 0.0966528, 0.184385, 0.0861158, 0.817708  
 945 , 203290.34505 , 0.0863609 , 0.0966528, 0.184385, 0.0861158, 0.817708  
 946 , 203499.917857 , 0.086696 , 0.0966528, 0.184385, 0.0861158, 0.817708  
 947 , 203709.990284 , 0.0869293 , 0.0966528, 0.184385, 0.0861158, 0.817708  
 948 , 203919.338125 , 0.0864824 , 0.0966528, 0.184385, 0.0861158, 0.817708  
 949 , 204129.425865 , 0.0866911 , 0.0966528, 0.184385, 0.0861158, 0.817708  
 950 , 204401.104419 , 0.086534 , 0.0967304, 0.183495, 0.0855271, 0.81901  
 951 , 204610.855057 , 0.0867558 , 0.0967304, 0.183495, 0.0855271, 0.81901  
 952 , 204819.776266 , 0.086393 , 0.0967304, 0.183495, 0.0855271, 0.81901  
 953 , 205029.415541 , 0.0864622 , 0.0967304, 0.183495, 0.0855271, 0.81901  
 954 , 205238.797656 , 0.086709 , 0.0967304, 0.183495, 0.0855271, 0.81901  
 955 , 205448.646711 , 0.0865939 , 0.0967304, 0.183495, 0.0855271, 0.81901  
 956 , 205658.72768 , 0.0868408 , 0.0967304, 0.183495, 0.0855271, 0.81901  
 957 , 205868.352285 , 0.0862526 , 0.0967304, 0.183495, 0.0855271, 0.81901  
 958 , 206078.085022 , 0.0865257 , 0.0967304, 0.183495, 0.0855271, 0.81901  
 959 , 206288.382364 , 0.0866607 , 0.0967304, 0.183495, 0.0855271, 0.81901  
 960 , 206559.761901 , 0.0867929 , 0.0969363, 0.187091, 0.0857614, 0.817546  
 961 , 206769.692955 , 0.086447 , 0.0969363, 0.187091, 0.0857614, 0.817546  
 962 , 206979.802252 , 0.0868017 , 0.0969363, 0.187091, 0.0857614, 0.817546  
 963 , 207189.452785 , 0.0864681 , 0.0969363, 0.187091, 0.0857614, 0.817546  
 964 , 207399.595694 , 0.0870167 , 0.0969363, 0.187091, 0.0857614, 0.817546  
 965 , 207609.429256 , 0.08692 , 0.0969363, 0.187091, 0.0857614, 0.817546  
 966 , 207819.312965 , 0.0864755 , 0.0969363, 0.187091, 0.0857614, 0.817546  
 967 , 208028.829769 , 0.0868481 , 0.0969363, 0.187091, 0.0857614, 0.817546  
 968 , 208238.837594 , 0.0865838 , 0.0969363, 0.187091, 0.0857614, 0.817546  
 969 , 208448.549296 , 0.0867757 , 0.0969363, 0.187091, 0.0857614, 0.817546  
 970 , 208720.574163 , 0.0868376 , 0.0967399, 0.185803, 0.0858105, 0.818685  
 971 , 208931.268756 , 0.0866415 , 0.0967399, 0.185803, 0.0858105, 0.818685  
 972 , 209141.471394 , 0.0861275 , 0.0967399, 0.185803, 0.0858105, 0.818685  
 973 , 209351.506432 , 0.0866108 , 0.0967399, 0.185803, 0.0858105, 0.818685  
 974 , 209561.330858 , 0.0863565 , 0.0967399, 0.185803, 0.0858105, 0.818685  
 975 , 209771.279751 , 0.0866219 , 0.0967399, 0.185803, 0.0858105, 0.818685  
 976 , 209980.611569 , 0.0867654 , 0.0967399, 0.185803, 0.0858105, 0.818685  
 977 , 210190.866001 , 0.0863792 , 0.0967399, 0.185803, 0.0858105, 0.818685  
 978 , 210400.096929 , 0.086048 , 0.0967399, 0.185803, 0.0858105, 0.818685  
 979 , 210609.413316 , 0.0864191 , 0.0967399, 0.185803, 0.0858105, 0.818685  
 980 , 210881.311603 , 0.0868945 , 0.0967568, 0.18425, 0.0858677, 0.817871  
 981 , 211091.038315 , 0.0867254 , 0.0967568, 0.18425, 0.0858677, 0.817871  
 982 , 211300.736749 , 0.0866622 , 0.0967568, 0.18425, 0.0858677, 0.817871  
 983 , 211511.074328 , 0.0862842 , 0.0967568, 0.18425, 0.0858677, 0.817871  
 984 , 211721.194481 , 0.0864692 , 0.0967568, 0.18425, 0.0858677, 0.817871  
 985 , 211931.500621 , 0.0863241 , 0.0967568, 0.18425, 0.0858677, 0.817871  
 986 , 212141.981942 , 0.0863175 , 0.0967568, 0.18425, 0.0858677, 0.817871  
 987 , 212352.155828 , 0.0863726 , 0.0967568, 0.18425, 0.0858677, 0.817871  
 988 , 212562.664515 , 0.0868094 , 0.0967568, 0.18425, 0.0858677, 0.817871  
 989 , 212773.598225 , 0.0866397 , 0.0967568, 0.18425, 0.0858677, 0.817871  
 990 , 213045.260258 , 0.0859544 , 0.0966313, 0.184754, 0.0849499, 0.821289  
 991 , 213255.679408 , 0.0862807 , 0.0966313, 0.184754, 0.0849499, 0.821289  
 992 , 213466.590018 , 0.0870266 , 0.0966313, 0.184754, 0.0849499, 0.821289  
 993 , 213677.153179 , 0.0862971 , 0.0966313, 0.184754, 0.0849499, 0.821289  
 994 , 213888.006599 , 0.086404 , 0.0966313, 0.184754, 0.0849499, 0.821289  
 995 , 214099.17296 , 0.0863462 , 0.0966313, 0.184754, 0.0849499, 0.821289  
 996 , 214309.563235 , 0.0861122 , 0.0966313, 0.184754, 0.0849499, 0.821289  
 997 , 214520.126395 , 0.0864313 , 0.0966313, 0.184754, 0.0849499, 0.821289  
 998 , 214730.896578 , 0.0862545 , 0.0966313, 0.184754, 0.0849499, 0.821289  
 999 , 214941.25258 , 0.0867257 , 0.0966313, 0.184754, 0.0849499, 0.821289  
 1000 , 215206.814361 , 0.0862279 , 0.0971148, 0.18317, 0.0851803, 0.814128  
