#wRandFlip 
#The training is running for 1000 chunks, each with 1008 images. That are about 17 epochs. The validation sample contains 3078 images. 
#round  ,time, mean_train_loss , mean_valid_loss 
#  starting learning rate to 0.020000 
 1 , 44.4402441978 , 0.195657 , 0.0, 0.0 
 2 , 75.2358500957 , 0.164146 , 0.0, 0.0 
 3 , 106.002433062 , 0.165882 , 0.0, 0.0 
 4 , 136.803892136 , 0.163772 , 0.0, 0.0 
#Free GPU Mem after validation step 581.8125 MiB 
 5 , 224.980051041 , 0.162746 , 0.0, 0.0 
 6 , 256.083513021 , 0.164488 , 0.0, 0.0 
 7 , 287.345146179 , 0.164461 , 0.165013, 0.299951 
 8 , 318.529461145 , 0.163314 , 0.165013, 0.299951 
 9 , 349.683688164 , 0.164977 , 0.165013, 0.299951 
 10 , 434.236868143 , 0.164452 , 0.164916, 0.299832 
 11 , 465.528392076 , 0.164184 , 0.164916, 0.299832 
 12 , 496.78956008 , 0.162827 , 0.164916, 0.299832 
 13 , 527.996439219 , 0.164423 , 0.164916, 0.299832 
 14 , 559.37264204 , 0.16372 , 0.164916, 0.299832 
 15 , 644.069715023 , 0.163259 , 0.16465, 0.299566 
 16 , 675.309206009 , 0.164235 , 0.16465, 0.299566 
 17 , 706.567234993 , 0.165335 , 0.16465, 0.299566 
 18 , 737.87938714 , 0.162073 , 0.16465, 0.299566 
 19 , 769.320065022 , 0.163187 , 0.16465, 0.299566 
 20 , 854.21395421 , 0.164823 , 0.164613, 0.299396 
 21 , 885.539400101 , 0.166722 , 0.164613, 0.299396 
 22 , 916.802747011 , 0.165141 , 0.164613, 0.299396 
 23 , 952.399944067 , 0.165666 , 0.164613, 0.299396 
 24 , 983.266213179 , 0.163042 , 0.164613, 0.299396 
 25 , 1066.66617417 , 0.165532 , 0.164992, 0.299869 
 26 , 1097.4307971 , 0.161992 , 0.164992, 0.299869 
 27 , 1128.124964 , 0.164817 , 0.164992, 0.299869 
 28 , 1158.84307814 , 0.164795 , 0.164992, 0.299869 
 29 , 1189.5318141 , 0.163162 , 0.164992, 0.299869 
 30 , 1273.05167222 , 0.162694 , 0.164819, 0.299625 
 31 , 1303.82684422 , 0.165075 , 0.164819, 0.299625 
 32 , 1334.62297201 , 0.16117 , 0.164819, 0.299625 
 33 , 1365.41730499 , 0.163374 , 0.164819, 0.299625 
 34 , 1396.20864105 , 0.164043 , 0.164819, 0.299625 
 35 , 1479.75429106 , 0.168244 , 0.164576, 0.29938 
 36 , 1510.59162712 , 0.163365 , 0.164576, 0.29938 
 37 , 1541.330549 , 0.164951 , 0.164576, 0.29938 
 38 , 1572.22264504 , 0.162569 , 0.164576, 0.29938 
 39 , 1602.99113703 , 0.163624 , 0.164576, 0.29938 
 40 , 1686.55742216 , 0.163525 , 0.165045, 0.29998 
 41 , 1717.35270405 , 0.167199 , 0.165045, 0.29998 
 42 , 1748.17828608 , 0.161511 , 0.165045, 0.29998 
 43 , 1778.94129515 , 0.162741 , 0.165045, 0.29998 
 44 , 1809.82663608 , 0.162552 , 0.165045, 0.29998 
 45 , 1893.298352 , 0.163728 , 0.164607, 0.299446 
 46 , 1924.13945818 , 0.163461 , 0.164607, 0.299446 
 47 , 1954.93396211 , 0.16202 , 0.164607, 0.299446 
 48 , 1985.850317 , 0.162258 , 0.164607, 0.299446 
 49 , 2016.78740001 , 0.165359 , 0.164607, 0.299446 
 50 , 2100.26718903 , 0.162367 , 0.164611, 0.299442 
 51 , 2131.05378509 , 0.162877 , 0.164611, 0.299442 
 52 , 2161.92004609 , 0.162401 , 0.164611, 0.299442 
 53 , 2192.86964202 , 0.164296 , 0.164611, 0.299442 
 54 , 2223.92476916 , 0.163257 , 0.164611, 0.299442 
 55 , 2307.58932614 , 0.160361 , 0.16492, 0.299715 
 56 , 2338.50518703 , 0.163103 , 0.16492, 0.299715 
 57 , 2369.40163922 , 0.164653 , 0.16492, 0.299715 
 58 , 2400.37114501 , 0.16441 , 0.16492, 0.299715 
 59 , 2431.3564682 , 0.163547 , 0.16492, 0.299715 
 60 , 2514.97155118 , 0.163284 , 0.164788, 0.299594 
 61 , 2546.02805018 , 0.163038 , 0.164788, 0.299594 
 62 , 2577.03654408 , 0.163791 , 0.164788, 0.299594 
 63 , 2608.02034211 , 0.160951 , 0.164788, 0.299594 
 64 , 2639.1153791 , 0.164559 , 0.164788, 0.299594 
 65 , 2723.43446803 , 0.163157 , 0.16464, 0.299417 
 66 , 2755.09725308 , 0.163046 , 0.16464, 0.299417 
 67 , 2786.55686617 , 0.162169 , 0.16464, 0.299417 
 68 , 2817.41339016 , 0.16613 , 0.16464, 0.299417 
 69 , 2848.35356212 , 0.163526 , 0.16464, 0.299417 
 70 , 2932.24826217 , 0.165377 , 0.164512, 0.299274 
 71 , 2963.2236681 , 0.165133 , 0.164512, 0.299274 
 72 , 2994.13861203 , 0.161714 , 0.164512, 0.299274 
 73 , 3025.25132203 , 0.166432 , 0.164512, 0.299274 
 74 , 3056.25316215 , 0.161746 , 0.164512, 0.299274 
 75 , 3140.06599021 , 0.165462 , 0.164547, 0.299307 
 76 , 3171.13287115 , 0.164589 , 0.164547, 0.299307 
 77 , 3202.0810082 , 0.16719 , 0.164547, 0.299307 
 78 , 3233.01209116 , 0.162874 , 0.164547, 0.299307 
 79 , 3269.38196421 , 0.165394 , 0.164547, 0.299307 
 80 , 3354.10209918 , 0.164528 , 0.164525, 0.299313 
 81 , 3385.39181399 , 0.163137 , 0.164525, 0.299313 
 82 , 3416.59228921 , 0.161867 , 0.164525, 0.299313 
 83 , 3447.88526511 , 0.169156 , 0.164525, 0.299313 
 84 , 3479.1447432 , 0.164198 , 0.164525, 0.299313 
 85 , 3563.74794221 , 0.165193 , 0.164621, 0.299437 
 86 , 3594.99918318 , 0.166127 , 0.164621, 0.299437 
 87 , 3626.1987052 , 0.163629 , 0.164621, 0.299437 
 88 , 3657.53522515 , 0.164597 , 0.164621, 0.299437 
 89 , 3688.84471822 , 0.161786 , 0.164621, 0.299437 
 90 , 3773.33598804 , 0.161821 , 0.164575, 0.299341 
 91 , 3804.56880903 , 0.163889 , 0.164575, 0.299341 
 92 , 3835.83965921 , 0.166229 , 0.164575, 0.299341 
 93 , 3867.06387115 , 0.164955 , 0.164575, 0.299341 
 94 , 3898.22125912 , 0.164303 , 0.164575, 0.299341 
 95 , 3982.9906292 , 0.161768 , 0.164572, 0.299354 
 96 , 4014.25092006 , 0.163978 , 0.164572, 0.299354 
 97 , 4045.47408605 , 0.164043 , 0.164572, 0.299354 
 98 , 4076.73784614 , 0.162315 , 0.164572, 0.299354 
 99 , 4108.05758309 , 0.163776 , 0.164572, 0.299354 
 100 , 4192.71059108 , 0.167054 , 0.164528, 0.299297 
 101 , 4223.99968815 , 0.164023 , 0.164528, 0.299297 
 102 , 4255.38697314 , 0.162014 , 0.164528, 0.299297 
 103 , 4286.65993619 , 0.163962 , 0.164528, 0.299297 
 104 , 4317.98017502 , 0.163785 , 0.164528, 0.299297 
 105 , 4402.96147799 , 0.1639 , 0.164624, 0.299412 
 106 , 4434.36710906 , 0.163398 , 0.164624, 0.299412 
 107 , 4465.71827912 , 0.163221 , 0.164624, 0.299412 
 108 , 4496.94092107 , 0.164845 , 0.164624, 0.299412 
 109 , 4528.21944904 , 0.162704 , 0.164624, 0.299412 
 110 , 4612.95525122 , 0.161949 , 0.1645, 0.29927 
 111 , 4644.25136209 , 0.163338 , 0.1645, 0.29927 
 112 , 4675.63143301 , 0.165642 , 0.1645, 0.29927 
 113 , 4706.90689111 , 0.163318 , 0.1645, 0.29927 
 114 , 4738.20995116 , 0.159464 , 0.1645, 0.29927 
 115 , 4822.95065522 , 0.160026 , 0.164727, 0.299512 
 116 , 4854.35738015 , 0.1645 , 0.164727, 0.299512 
 117 , 4885.64353299 , 0.164565 , 0.164727, 0.299512 
 118 , 4916.90410805 , 0.159458 , 0.164727, 0.299512 
 119 , 4948.30750918 , 0.166159 , 0.164727, 0.299512 
 120 , 5032.96638703 , 0.164715 , 0.164496, 0.299273 
 121 , 5064.19718218 , 0.163848 , 0.164496, 0.299273 
 122 , 5095.38763213 , 0.161252 , 0.164496, 0.299273 
 123 , 5126.82475805 , 0.161527 , 0.164496, 0.299273 
 124 , 5158.16037107 , 0.165589 , 0.164496, 0.299273 
 125 , 5243.05861616 , 0.164124 , 0.164405, 0.299179 
 126 , 5274.44938016 , 0.16373 , 0.164405, 0.299179 
 127 , 5305.77485514 , 0.165059 , 0.164405, 0.299179 
 128 , 5337.13313317 , 0.164762 , 0.164405, 0.299179 
 129 , 5368.50710917 , 0.163629 , 0.164405, 0.299179 
 130 , 5453.34542513 , 0.164506 , 0.164244, 0.299017 
 131 , 5484.69028807 , 0.163652 , 0.164244, 0.299017 
 132 , 5515.9618392 , 0.163593 , 0.164244, 0.299017 
 133 , 5547.39384222 , 0.163984 , 0.164244, 0.299017 
 134 , 5578.7368691 , 0.165795 , 0.164244, 0.299017 
 135 , 5663.54515219 , 0.162826 , 0.164112, 0.29898 
 136 , 5695.01744819 , 0.166234 , 0.164112, 0.29898 
 137 , 5726.39005303 , 0.164281 , 0.164112, 0.29898 
 138 , 5757.6858592 , 0.160771 , 0.164112, 0.29898 
 139 , 5788.95758915 , 0.163142 , 0.164112, 0.29898 
 140 , 5873.577739 , 0.157723 , 0.157901, 0.295422 
 141 , 5904.99517822 , 0.159247 , 0.157901, 0.295422 
 142 , 5936.21423221 , 0.158614 , 0.157901, 0.295422 
 143 , 5967.64368415 , 0.156576 , 0.157901, 0.295422 
 144 , 5999.06571817 , 0.15709 , 0.157901, 0.295422 
 145 , 6083.78101921 , 0.15373 , 0.154974, 0.29243 
 146 , 6115.15585613 , 0.152459 , 0.154974, 0.29243 
 147 , 6146.55879307 , 0.15165 , 0.154974, 0.29243 
 148 , 6182.58580518 , 0.154623 , 0.154974, 0.29243 
 149 , 6213.76796007 , 0.155081 , 0.154974, 0.29243 
 150 , 6297.708987 , 0.153292 , 0.1539, 0.29126 
 151 , 6328.55981421 , 0.154253 , 0.1539, 0.29126 
 152 , 6359.406991 , 0.150975 , 0.1539, 0.29126 
 153 , 6390.26078415 , 0.151136 , 0.1539, 0.29126 
 154 , 6421.25629401 , 0.153996 , 0.1539, 0.29126 
 155 , 6504.94121313 , 0.152074 , 0.153776, 0.290196 
 156 , 6535.92872214 , 0.150625 , 0.153776, 0.290196 
 157 , 6566.96422911 , 0.149669 , 0.153776, 0.290196 
 158 , 6597.90041113 , 0.148924 , 0.153776, 0.290196 
 159 , 6628.79175401 , 0.152561 , 0.153776, 0.290196 
 160 , 6716.51786304 , 0.15866 , 0.153307, 0.288721 
 161 , 6747.58648205 , 0.154557 , 0.153307, 0.288721 
 162 , 6778.5780282 , 0.153005 , 0.153307, 0.288721 
 163 , 6809.56221414 , 0.154576 , 0.153307, 0.288721 
 164 , 6840.45740318 , 0.150614 , 0.153307, 0.288721 
 165 , 6924.09515715 , 0.149491 , 0.152051, 0.288649 
 166 , 6955.13196206 , 0.152251 , 0.152051, 0.288649 
 167 , 6986.04832602 , 0.152472 , 0.152051, 0.288649 
 168 , 7017.0082531 , 0.152385 , 0.152051, 0.288649 
 169 , 7052.73892212 , 0.151249 , 0.152051, 0.288649 
 170 , 7136.36692214 , 0.15021 , 0.15449, 0.291442 
 171 , 7167.42996001 , 0.154101 , 0.15449, 0.291442 
 172 , 7198.31599522 , 0.15018 , 0.15449, 0.291442 
 173 , 7229.18565822 , 0.151351 , 0.15449, 0.291442 
 174 , 7260.07014418 , 0.150692 , 0.15449, 0.291442 
 175 , 7343.63485217 , 0.151509 , 0.152191, 0.287464 
 176 , 7374.44755721 , 0.149412 , 0.152191, 0.287464 
 177 , 7405.26821899 , 0.14943 , 0.152191, 0.287464 
 178 , 7436.09205317 , 0.14707 , 0.152191, 0.287464 
 179 , 7466.9705832 , 0.150978 , 0.152191, 0.287464 
 180 , 7550.46019816 , 0.150961 , 0.150639, 0.286743 
 181 , 7581.34968209 , 0.150086 , 0.150639, 0.286743 
 182 , 7612.35976315 , 0.15044 , 0.150639, 0.286743 
 183 , 7643.28461003 , 0.149541 , 0.150639, 0.286743 
 184 , 7674.28730917 , 0.149814 , 0.150639, 0.286743 
 185 , 7758.19234705 , 0.149357 , 0.14907, 0.287077 
 186 , 7789.28106904 , 0.152191 , 0.14907, 0.287077 
 187 , 7820.24205112 , 0.146248 , 0.14907, 0.287077 
 188 , 7851.16888022 , 0.144673 , 0.14907, 0.287077 
 189 , 7882.285321 , 0.15074 , 0.14907, 0.287077 
 190 , 7966.15471816 , 0.149521 , 0.147196, 0.282594 
 191 , 7997.19879913 , 0.142138 , 0.147196, 0.282594 
 192 , 8028.11257505 , 0.148354 , 0.147196, 0.282594 
 193 , 8059.35786605 , 0.144884 , 0.147196, 0.282594 
 194 , 8090.4200542 , 0.146237 , 0.147196, 0.282594 
 195 , 8174.1388092 , 0.141679 , 0.145362, 0.283516 
 196 , 8205.06538916 , 0.14601 , 0.145362, 0.283516 
 197 , 8236.21503305 , 0.1452 , 0.145362, 0.283516 
 198 , 8267.22208214 , 0.144982 , 0.145362, 0.283516 
 199 , 8298.26605606 , 0.142618 , 0.145362, 0.283516 
 200 , 8382.00033212 , 0.143672 , 0.143569, 0.283211 
 201 , 8412.88130903 , 0.146884 , 0.143569, 0.283211 
 202 , 8443.92233205 , 0.140895 , 0.143569, 0.283211 
 203 , 8476.28985715 , 0.141891 , 0.143569, 0.283211 
 204 , 8509.945364 , 0.14576 , 0.143569, 0.283211 
 205 , 8593.55458021 , 0.143551 , 0.141983, 0.281635 
 206 , 8624.60296512 , 0.143529 , 0.141983, 0.281635 
 207 , 8655.59535909 , 0.144107 , 0.141983, 0.281635 
 208 , 8686.56122017 , 0.140346 , 0.141983, 0.281635 
 209 , 8717.48317599 , 0.140811 , 0.141983, 0.281635 
 210 , 8801.30285501 , 0.14274 , 0.141, 0.278655 
 211 , 8832.24321508 , 0.143215 , 0.141, 0.278655 
 212 , 8863.25612307 , 0.140299 , 0.141, 0.278655 
 213 , 8894.42478108 , 0.143131 , 0.141, 0.278655 
 214 , 8925.52984405 , 0.139836 , 0.141, 0.278655 
 215 , 9009.24884415 , 0.141083 , 0.140036, 0.276969 
 216 , 9040.33952022 , 0.143406 , 0.140036, 0.276969 
 217 , 9071.43461514 , 0.140614 , 0.140036, 0.276969 
 218 , 9102.47021508 , 0.137112 , 0.140036, 0.276969 
 219 , 9133.59062314 , 0.140177 , 0.140036, 0.276969 
 220 , 9217.26116419 , 0.134506 , 0.140274, 0.277755 
 221 , 9248.41812301 , 0.138359 , 0.140274, 0.277755 
 222 , 9279.4661212 , 0.140602 , 0.140274, 0.277755 
 223 , 9310.61341214 , 0.13902 , 0.140274, 0.277755 
 224 , 9341.55345821 , 0.13793 , 0.140274, 0.277755 
 225 , 9425.24364901 , 0.140584 , 0.136698, 0.275629 
 226 , 9456.15233302 , 0.13755 , 0.136698, 0.275629 
 227 , 9491.93566418 , 0.140361 , 0.136698, 0.275629 
 228 , 9522.83665109 , 0.137012 , 0.136698, 0.275629 
 229 , 9553.75788808 , 0.13924 , 0.136698, 0.275629 
 230 , 9637.39109707 , 0.139017 , 0.136285, 0.275471 
 231 , 9668.57849813 , 0.137447 , 0.136285, 0.275471 
 232 , 9699.55638123 , 0.138359 , 0.136285, 0.275471 
 233 , 9730.62402606 , 0.137067 , 0.136285, 0.275471 
 234 , 9761.7645061 , 0.137485 , 0.136285, 0.275471 
 235 , 9845.89833021 , 0.136984 , 0.140076, 0.279329 
 236 , 9877.0010891 , 0.136682 , 0.140076, 0.279329 
 237 , 9908.0980432 , 0.132196 , 0.140076, 0.279329 
 238 , 9939.02712512 , 0.138932 , 0.140076, 0.279329 
 239 , 9970.13832617 , 0.136038 , 0.140076, 0.279329 
 240 , 10053.7438452 , 0.135221 , 0.1331, 0.272242 
 241 , 10084.8741062 , 0.138682 , 0.1331, 0.272242 
 242 , 10115.975641 , 0.136565 , 0.1331, 0.272242 
 243 , 10147.0098341 , 0.137044 , 0.1331, 0.272242 
 244 , 10182.6334581 , 0.133315 , 0.1331, 0.272242 
 245 , 10266.183778 , 0.13191 , 0.134173, 0.274982 
 246 , 10297.0939791 , 0.133712 , 0.134173, 0.274982 
 247 , 10328.0569892 , 0.132207 , 0.134173, 0.274982 
 248 , 10359.0385432 , 0.133991 , 0.134173, 0.274982 
 249 , 10390.1050811 , 0.132733 , 0.134173, 0.274982 
 250 , 10473.8924 , 0.130662 , 0.132196, 0.271298 
 251 , 10504.927942 , 0.133739 , 0.132196, 0.271298 
 252 , 10536.1003802 , 0.132109 , 0.132196, 0.271298 
 253 , 10567.2017021 , 0.134716 , 0.132196, 0.271298 
 254 , 10598.350378 , 0.127573 , 0.132196, 0.271298 
 255 , 10682.1060441 , 0.131212 , 0.128595, 0.271559 
 256 , 10713.1697192 , 0.130167 , 0.128595, 0.271559 
 257 , 10744.2851992 , 0.12719 , 0.128595, 0.271559 
 258 , 10775.4174581 , 0.130317 , 0.128595, 0.271559 
 259 , 10811.36537 , 0.133222 , 0.128595, 0.271559 
 260 , 10895.2007601 , 0.134107 , 0.129782, 0.271145 
 261 , 10926.320158 , 0.12986 , 0.129782, 0.271145 
 262 , 10957.5071862 , 0.129614 , 0.129782, 0.271145 
 263 , 10988.655477 , 0.133027 , 0.129782, 0.271145 
 264 , 11019.7514811 , 0.132557 , 0.129782, 0.271145 
 265 , 11103.5729001 , 0.130521 , 0.129237, 0.273555 
 266 , 11134.723284 , 0.127464 , 0.129237, 0.273555 
 267 , 11165.854017 , 0.1289 , 0.129237, 0.273555 
 268 , 11197.0487611 , 0.128365 , 0.129237, 0.273555 
 269 , 11228.3578341 , 0.128953 , 0.129237, 0.273555 
 270 , 11312.2889891 , 0.130497 , 0.12602, 0.269601 
 271 , 11343.5310242 , 0.129242 , 0.12602, 0.269601 
 272 , 11374.7083941 , 0.128726 , 0.12602, 0.269601 
 273 , 11405.7471681 , 0.129903 , 0.12602, 0.269601 
 274 , 11436.9271412 , 0.132132 , 0.12602, 0.269601 
 275 , 11520.8077881 , 0.130297 , 0.127008, 0.273696 
 276 , 11552.2094872 , 0.128839 , 0.127008, 0.273696 
 277 , 11583.5035472 , 0.126765 , 0.127008, 0.273696 
 278 , 11614.6884861 , 0.126218 , 0.127008, 0.273696 
 279 , 11646.20999 , 0.126477 , 0.127008, 0.273696 
 280 , 11734.8758562 , 0.126834 , 0.126316, 0.272095 
 281 , 11765.917803 , 0.126126 , 0.126316, 0.272095 
 282 , 11796.9789591 , 0.124635 , 0.126316, 0.272095 
 283 , 11828.183001 , 0.127152 , 0.126316, 0.272095 
 284 , 11859.3759432 , 0.128972 , 0.126316, 0.272095 
 285 , 11943.379724 , 0.125655 , 0.125743, 0.269008 
 286 , 11974.707226 , 0.124401 , 0.125743, 0.269008 
 287 , 12010.7193761 , 0.125964 , 0.125743, 0.269008 
 288 , 12041.8476532 , 0.128296 , 0.125743, 0.269008 
 289 , 12072.95719 , 0.124418 , 0.125743, 0.269008 
 290 , 12156.8340762 , 0.127464 , 0.123567, 0.264442 
 291 , 12187.972342 , 0.126221 , 0.123567, 0.264442 
 292 , 12219.126641 , 0.127174 , 0.123567, 0.264442 
 293 , 12250.1170962 , 0.125852 , 0.123567, 0.264442 
 294 , 12281.282186 , 0.125383 , 0.123567, 0.264442 
 295 , 12365.0393162 , 0.125257 , 0.12288, 0.265279 
 296 , 12396.0769711 , 0.124491 , 0.12288, 0.265279 
 297 , 12427.1276591 , 0.123992 , 0.12288, 0.265279 
 298 , 12458.2052391 , 0.125452 , 0.12288, 0.265279 
 299 , 12489.244663 , 0.125612 , 0.12288, 0.265279 
 300 , 12572.9271431 , 0.123619 , 0.121414, 0.269409 
 301 , 12604.032289 , 0.121243 , 0.121414, 0.269409 
 302 , 12635.181139 , 0.123479 , 0.121414, 0.269409 
 303 , 12666.266901 , 0.12459 , 0.121414, 0.269409 
 304 , 12697.4368021 , 0.122496 , 0.121414, 0.269409 
 305 , 12781.4394932 , 0.121136 , 0.120917, 0.264608 
 306 , 12812.5222561 , 0.12476 , 0.120917, 0.264608 
 307 , 12843.6376722 , 0.122701 , 0.120917, 0.264608 
 308 , 12874.7269962 , 0.117746 , 0.120917, 0.264608 
 309 , 12905.8632481 , 0.124073 , 0.120917, 0.264608 
 310 , 12989.6358151 , 0.120396 , 0.121147, 0.263251 
 311 , 13020.863337 , 0.122755 , 0.121147, 0.263251 
 312 , 13052.1102841 , 0.124473 , 0.121147, 0.263251 
 313 , 13083.3407331 , 0.12218 , 0.121147, 0.263251 
 314 , 13114.4330721 , 0.122794 , 0.121147, 0.263251 
 315 , 13198.3276062 , 0.119783 , 0.119047, 0.26467 
 316 , 13229.490273 , 0.119897 , 0.119047, 0.26467 
 317 , 13260.7298572 , 0.121928 , 0.119047, 0.26467 
 318 , 13291.8792281 , 0.119576 , 0.119047, 0.26467 
 319 , 13323.0719552 , 0.12196 , 0.119047, 0.26467 
 320 , 13407.2600961 , 0.120393 , 0.11925, 0.265498 
 321 , 13438.8034101 , 0.122796 , 0.11925, 0.265498 
 322 , 13469.8834231 , 0.119632 , 0.11925, 0.265498 
 323 , 13500.9654772 , 0.124188 , 0.11925, 0.265498 
 324 , 13532.1063442 , 0.122141 , 0.11925, 0.265498 
 325 , 13616.0914931 , 0.119688 , 0.117878, 0.262846 
 326 , 13647.245542 , 0.119582 , 0.117878, 0.262846 
 327 , 13678.6165302 , 0.121565 , 0.117878, 0.262846 
 328 , 13709.8168702 , 0.118666 , 0.117878, 0.262846 
 329 , 13741.164006 , 0.121521 , 0.117878, 0.262846 
 330 , 13825.0863121 , 0.119024 , 0.11838, 0.262659 
 331 , 13856.3637621 , 0.119032 , 0.11838, 0.262659 
 332 , 13887.4048991 , 0.120961 , 0.11838, 0.262659 
 333 , 13918.5924811 , 0.116932 , 0.11838, 0.262659 
 334 , 13949.825618 , 0.118676 , 0.11838, 0.262659 
 335 , 14033.6241891 , 0.118459 , 0.116762, 0.262507 
 336 , 14064.8712361 , 0.116236 , 0.116762, 0.262507 
 337 , 14096.0909472 , 0.120894 , 0.116762, 0.262507 
 338 , 14127.3615661 , 0.117799 , 0.116762, 0.262507 
 339 , 14158.7598212 , 0.119744 , 0.116762, 0.262507 
 340 , 14242.7721841 , 0.119044 , 0.120301, 0.262855 
 341 , 14274.0130491 , 0.120186 , 0.120301, 0.262855 
 342 , 14305.3760631 , 0.116817 , 0.120301, 0.262855 
 343 , 14336.687793 , 0.116567 , 0.120301, 0.262855 
 344 , 14368.043277 , 0.116165 , 0.120301, 0.262855 
 345 , 14451.9340911 , 0.118161 , 0.115619, 0.261249 
 346 , 14483.1935101 , 0.118729 , 0.115619, 0.261249 
 347 , 14514.4591882 , 0.119055 , 0.115619, 0.261249 
 348 , 14545.861305 , 0.11927 , 0.115619, 0.261249 
 349 , 14577.2320852 , 0.118856 , 0.115619, 0.261249 
 350 , 14661.4182811 , 0.117278 , 0.115365, 0.260564 
 351 , 14692.7578862 , 0.115928 , 0.115365, 0.260564 
 352 , 14724.0638301 , 0.115786 , 0.115365, 0.260564 
 353 , 14755.4291232 , 0.118588 , 0.115365, 0.260564 
 354 , 14786.7566142 , 0.117338 , 0.115365, 0.260564 
 355 , 14870.844167 , 0.120115 , 0.114722, 0.260845 
 356 , 14902.393362 , 0.117602 , 0.114722, 0.260845 
 357 , 14933.7937741 , 0.117472 , 0.114722, 0.260845 
 358 , 14965.1626542 , 0.116503 , 0.114722, 0.260845 
 359 , 14996.459465 , 0.115574 , 0.114722, 0.260845 
 360 , 15080.442909 , 0.116061 , 0.113863, 0.260153 
 361 , 15111.7596331 , 0.116532 , 0.113863, 0.260153 
 362 , 15143.1755481 , 0.117019 , 0.113863, 0.260153 
 363 , 15174.569731 , 0.115115 , 0.113863, 0.260153 
 364 , 15205.7963431 , 0.116476 , 0.113863, 0.260153 
 365 , 15290.3581481 , 0.117995 , 0.116265, 0.259768 
 366 , 15321.6648052 , 0.115629 , 0.116265, 0.259768 
 367 , 15353.0532601 , 0.115236 , 0.116265, 0.259768 
 368 , 15384.357388 , 0.116594 , 0.116265, 0.259768 
 369 , 15415.589236 , 0.115486 , 0.116265, 0.259768 
 370 , 15499.5120242 , 0.115087 , 0.116443, 0.265842 
 371 , 15530.7603612 , 0.117466 , 0.116443, 0.265842 
 372 , 15562.1578922 , 0.115715 , 0.116443, 0.265842 
 373 , 15593.24142 , 0.115748 , 0.116443, 0.265842 
 374 , 15624.53846 , 0.11799 , 0.116443, 0.265842 
 375 , 15708.5587752 , 0.116108 , 0.112475, 0.259783 
 376 , 15739.7729621 , 0.114142 , 0.112475, 0.259783 
 377 , 15771.0086522 , 0.115942 , 0.112475, 0.259783 
 378 , 15802.3839302 , 0.116119 , 0.112475, 0.259783 
 379 , 15833.7662232 , 0.114801 , 0.112475, 0.259783 
 380 , 15917.8446851 , 0.115061 , 0.112605, 0.260154 
 381 , 15949.1396151 , 0.112585 , 0.112605, 0.260154 
 382 , 15980.464092 , 0.117125 , 0.112605, 0.260154 
 383 , 16011.7705431 , 0.113722 , 0.112605, 0.260154 
 384 , 16043.1911521 , 0.11362 , 0.112605, 0.260154 
 385 , 16127.1164031 , 0.112687 , 0.111821, 0.260648 
 386 , 16158.3853121 , 0.114627 , 0.111821, 0.260648 
 387 , 16189.631536 , 0.114304 , 0.111821, 0.260648 
 388 , 16220.9163761 , 0.116838 , 0.111821, 0.260648 
 389 , 16252.2632651 , 0.113358 , 0.111821, 0.260648 
 390 , 16336.3062851 , 0.114516 , 0.111324, 0.260126 
 391 , 16367.5745761 , 0.112668 , 0.111324, 0.260126 
 392 , 16398.802402 , 0.113965 , 0.111324, 0.260126 
 393 , 16430.1785531 , 0.115446 , 0.111324, 0.260126 
 394 , 16461.5876641 , 0.110992 , 0.111324, 0.260126 
 395 , 16545.6326642 , 0.110868 , 0.111008, 0.259334 
 396 , 16577.1344192 , 0.114629 , 0.111008, 0.259334 
 397 , 16608.455322 , 0.114724 , 0.111008, 0.259334 
 398 , 16639.7336712 , 0.112208 , 0.111008, 0.259334 
 399 , 16671.0170641 , 0.111618 , 0.111008, 0.259334 
 400 , 16755.1648872 , 0.112313 , 0.112216, 0.259881 
 401 , 16786.7704711 , 0.11259 , 0.112216, 0.259881 
 402 , 16818.3815761 , 0.110778 , 0.112216, 0.259881 
 403 , 16849.9949691 , 0.112407 , 0.112216, 0.259881 
 404 , 16881.4260731 , 0.112652 , 0.112216, 0.259881 
 405 , 16965.7473371 , 0.113873 , 0.111082, 0.255878 
 406 , 16997.3998742 , 0.113743 , 0.111082, 0.255878 
 407 , 17033.8030932 , 0.11284 , 0.111082, 0.255878 
 408 , 17065.218158 , 0.11256 , 0.111082, 0.255878 
 409 , 17096.8496232 , 0.112742 , 0.111082, 0.255878 
 410 , 17181.0507121 , 0.11277 , 0.111076, 0.258603 
 411 , 17212.5240381 , 0.113314 , 0.111076, 0.258603 
 412 , 17243.8981831 , 0.110624 , 0.111076, 0.258603 
 413 , 17275.2774131 , 0.111677 , 0.111076, 0.258603 
 414 , 17306.5951662 , 0.110393 , 0.111076, 0.258603 
 415 , 17390.687628 , 0.109537 , 0.109684, 0.257716 
 416 , 17422.1841371 , 0.110068 , 0.109684, 0.257716 
 417 , 17453.4189351 , 0.110229 , 0.109684, 0.257716 
 418 , 17484.8408232 , 0.111609 , 0.109684, 0.257716 
 419 , 17516.2880852 , 0.113432 , 0.109684, 0.257716 
 420 , 17600.5408132 , 0.11198 , 0.110674, 0.258472 
 421 , 17631.908463 , 0.110765 , 0.110674, 0.258472 
 422 , 17663.1362431 , 0.111592 , 0.110674, 0.258472 
 423 , 17694.4146402 , 0.111355 , 0.110674, 0.258472 
 424 , 17725.7430222 , 0.109449 , 0.110674, 0.258472 
 425 , 17809.7519732 , 0.109794 , 0.109189, 0.25384 
 426 , 17841.1543581 , 0.1134 , 0.109189, 0.25384 
 427 , 17872.590127 , 0.10848 , 0.109189, 0.25384 
 428 , 17903.7259562 , 0.110318 , 0.109189, 0.25384 
 429 , 17935.0255122 , 0.111687 , 0.109189, 0.25384 
 430 , 18019.0452652 , 0.110916 , 0.109177, 0.25725 
 431 , 18050.4122531 , 0.110991 , 0.109177, 0.25725 
 432 , 18081.8579731 , 0.112668 , 0.109177, 0.25725 
 433 , 18113.2022161 , 0.111634 , 0.109177, 0.25725 
 434 , 18144.5667951 , 0.114648 , 0.109177, 0.25725 
 435 , 18228.6939211 , 0.109151 , 0.109042, 0.255156 
 436 , 18260.160758 , 0.111477 , 0.109042, 0.255156 
 437 , 18291.5661061 , 0.114064 , 0.109042, 0.255156 
 438 , 18322.9937952 , 0.111784 , 0.109042, 0.255156 
 439 , 18354.5297821 , 0.110053 , 0.109042, 0.255156 
 440 , 18438.676764 , 0.109162 , 0.11178, 0.261989 
 441 , 18470.0040622 , 0.111131 , 0.11178, 0.261989 
 442 , 18501.4392161 , 0.110377 , 0.11178, 0.261989 
 443 , 18532.8073621 , 0.109092 , 0.11178, 0.261989 
 444 , 18569.1089261 , 0.111828 , 0.11178, 0.261989 
 445 , 18653.0269251 , 0.111881 , 0.109343, 0.256923 
 446 , 18684.3193831 , 0.110634 , 0.109343, 0.256923 
 447 , 18715.8068342 , 0.107343 , 0.109343, 0.256923 
 448 , 18747.1744161 , 0.10834 , 0.109343, 0.256923 
 449 , 18778.5602541 , 0.110351 , 0.109343, 0.256923 
 450 , 18862.674417 , 0.10756 , 0.107007, 0.25519 
 451 , 18893.999685 , 0.107108 , 0.107007, 0.25519 
 452 , 18925.341964 , 0.111148 , 0.107007, 0.25519 
 453 , 18956.635082 , 0.109482 , 0.107007, 0.25519 
 454 , 18988.1299732 , 0.10811 , 0.107007, 0.25519 
 455 , 19072.0979571 , 0.107883 , 0.107549, 0.255135 
 456 , 19103.5101471 , 0.111255 , 0.107549, 0.255135 
 457 , 19134.9031181 , 0.108148 , 0.107549, 0.255135 
 458 , 19166.402488 , 0.106428 , 0.107549, 0.255135 
 459 , 19197.988919 , 0.109074 , 0.107549, 0.255135 
 460 , 19282.2419062 , 0.110203 , 0.107162, 0.254416 
 461 , 19313.5263212 , 0.109152 , 0.107162, 0.254416 
 462 , 19344.7319701 , 0.10897 , 0.107162, 0.254416 
 463 , 19376.2446191 , 0.108238 , 0.107162, 0.254416 
 464 , 19407.713114 , 0.109136 , 0.107162, 0.254416 
 465 , 19491.6728251 , 0.109964 , 0.106567, 0.253065 
 466 , 19523.0204341 , 0.111276 , 0.106567, 0.253065 
 467 , 19554.1383181 , 0.108802 , 0.106567, 0.253065 
 468 , 19585.3354721 , 0.109936 , 0.106567, 0.253065 
 469 , 19616.6157181 , 0.108864 , 0.106567, 0.253065 
 470 , 19700.6540821 , 0.109288 , 0.107826, 0.256411 
 471 , 19732.0090442 , 0.110755 , 0.107826, 0.256411 
 472 , 19763.3115251 , 0.106589 , 0.107826, 0.256411 
 473 , 19794.7800641 , 0.107841 , 0.107826, 0.256411 
 474 , 19826.0545981 , 0.107577 , 0.107826, 0.256411 
 475 , 19910.0903952 , 0.107211 , 0.106345, 0.257093 
 476 , 19941.413506 , 0.110848 , 0.106345, 0.257093 
 477 , 19972.7454622 , 0.110209 , 0.106345, 0.257093 
 478 , 20004.0994861 , 0.10799 , 0.106345, 0.257093 
 479 , 20035.44119 , 0.10765 , 0.106345, 0.257093 
 480 , 20119.5663111 , 0.109174 , 0.106844, 0.25596 
 481 , 20150.900964 , 0.108164 , 0.106844, 0.25596 
 482 , 20182.29021 , 0.109066 , 0.106844, 0.25596 
 483 , 20213.6416781 , 0.110986 , 0.106844, 0.25596 
 484 , 20244.8793912 , 0.110327 , 0.106844, 0.25596 
 485 , 20328.8473232 , 0.109379 , 0.10536, 0.254409 
 486 , 20361.6187091 , 0.106996 , 0.10536, 0.254409 
 487 , 20392.8813291 , 0.107012 , 0.10536, 0.254409 
 488 , 20424.0417151 , 0.109348 , 0.10536, 0.254409 
 489 , 20455.372488 , 0.110618 , 0.10536, 0.254409 
 490 , 20539.4586272 , 0.105558 , 0.106437, 0.251435 
 491 , 20570.9236012 , 0.108491 , 0.106437, 0.251435 
 492 , 20602.3154552 , 0.10671 , 0.106437, 0.251435 
 493 , 20634.3611052 , 0.10823 , 0.106437, 0.251435 
 494 , 20665.857558 , 0.106625 , 0.106437, 0.251435 
 495 , 20749.9463851 , 0.109443 , 0.106225, 0.252577 
 496 , 20781.4309912 , 0.107606 , 0.106225, 0.252577 
 497 , 20812.9046812 , 0.106449 , 0.106225, 0.252577 
 498 , 20844.344728 , 0.108978 , 0.106225, 0.252577 
 499 , 20875.8888741 , 0.108737 , 0.106225, 0.252577 
 500 , 20961.8769052 , 0.107111 , 0.107547, 0.256406 
#  setting learning rate to 0.040000 
 501 , 20995.862406 , 0.105568 , 0.107547, 0.256406 
 502 , 21027.248384 , 0.106444 , 0.107547, 0.256406 
 503 , 21058.7116451 , 0.1079 , 0.107547, 0.256406 
 504 , 21090.206228 , 0.108546 , 0.107547, 0.256406 
 505 , 21174.3392482 , 0.110611 , 0.110943, 0.258451 
 506 , 21205.6535022 , 0.11047 , 0.110943, 0.258451 
 507 , 21236.981966 , 0.112344 , 0.110943, 0.258451 
 508 , 21268.2880261 , 0.109979 , 0.110943, 0.258451 
 509 , 21299.7282991 , 0.10739 , 0.110943, 0.258451 
 510 , 21388.675395 , 0.110318 , 0.105859, 0.252679 
 511 , 21420.1743021 , 0.110271 , 0.105859, 0.252679 
 512 , 21451.4913032 , 0.110455 , 0.105859, 0.252679 
 513 , 21482.9020722 , 0.105551 , 0.105859, 0.252679 
 514 , 21514.3340611 , 0.10787 , 0.105859, 0.252679 
 515 , 21598.5428371 , 0.107594 , 0.106488, 0.256685 
 516 , 21629.7994101 , 0.11022 , 0.106488, 0.256685 
 517 , 21661.1859932 , 0.108769 , 0.106488, 0.256685 
 518 , 21692.5501931 , 0.106812 , 0.106488, 0.256685 
 519 , 21723.759582 , 0.107277 , 0.106488, 0.256685 
 520 , 21812.3531291 , 0.108042 , 0.106852, 0.258877 
 521 , 21843.546262 , 0.109814 , 0.106852, 0.258877 
 522 , 21874.7054172 , 0.108607 , 0.106852, 0.258877 
 523 , 21905.9295211 , 0.10753 , 0.106852, 0.258877 
 524 , 21937.2188122 , 0.108538 , 0.106852, 0.258877 
 525 , 22021.0122511 , 0.110635 , 0.105098, 0.253308 
 526 , 22052.1798432 , 0.110101 , 0.105098, 0.253308 
 527 , 22083.3779881 , 0.110521 , 0.105098, 0.253308 
 528 , 22114.722682 , 0.108356 , 0.105098, 0.253308 
 529 , 22146.061043 , 0.110044 , 0.105098, 0.253308 
 530 , 22230.1565721 , 0.110764 , 0.107283, 0.256366 
 531 , 22261.4150672 , 0.105875 , 0.107283, 0.256366 
 532 , 22292.5228131 , 0.104537 , 0.107283, 0.256366 
 533 , 22323.6868782 , 0.105521 , 0.107283, 0.256366 
 534 , 22354.9706011 , 0.107601 , 0.107283, 0.256366 
 535 , 22439.0830662 , 0.11011 , 0.105769, 0.254503 
 536 , 22470.4004831 , 0.104998 , 0.105769, 0.254503 
 537 , 22501.8286412 , 0.108183 , 0.105769, 0.254503 
 538 , 22533.1497002 , 0.107177 , 0.105769, 0.254503 
 539 , 22564.52231 , 0.106755 , 0.105769, 0.254503 
 540 , 22648.4231851 , 0.105341 , 0.104866, 0.251532 
 541 , 22679.8233051 , 0.106552 , 0.104866, 0.251532 
 542 , 22711.0607362 , 0.109394 , 0.104866, 0.251532 
 543 , 22742.3179841 , 0.104788 , 0.104866, 0.251532 
 544 , 22773.7924452 , 0.103608 , 0.104866, 0.251532 
 545 , 22857.786278 , 0.108343 , 0.106655, 0.253024 
 546 , 22888.9383931 , 0.109981 , 0.106655, 0.253024 
 547 , 22920.1687951 , 0.107331 , 0.106655, 0.253024 
 548 , 22951.4372451 , 0.107846 , 0.106655, 0.253024 
 549 , 22983.0069962 , 0.108207 , 0.106655, 0.253024 
 550 , 23067.0530622 , 0.106502 , 0.103425, 0.255598 
 551 , 23098.359189 , 0.106354 , 0.103425, 0.255598 
 552 , 23129.5238812 , 0.105671 , 0.103425, 0.255598 
 553 , 23160.9695661 , 0.106459 , 0.103425, 0.255598 
 554 , 23192.4417882 , 0.106547 , 0.103425, 0.255598 
 555 , 23276.4126682 , 0.104484 , 0.104369, 0.257064 
 556 , 23307.608927 , 0.105893 , 0.104369, 0.257064 
 557 , 23338.8831322 , 0.105945 , 0.104369, 0.257064 
 558 , 23370.3755231 , 0.106204 , 0.104369, 0.257064 
 559 , 23401.7172601 , 0.105479 , 0.104369, 0.257064 
 560 , 23485.9786942 , 0.105097 , 0.104326, 0.254626 
 561 , 23517.469244 , 0.106266 , 0.104326, 0.254626 
 562 , 23548.828567 , 0.107721 , 0.104326, 0.254626 
 563 , 23580.1961811 , 0.107363 , 0.104326, 0.254626 
 564 , 23611.5550621 , 0.107203 , 0.104326, 0.254626 
 565 , 23695.6424732 , 0.104484 , 0.103933, 0.254372 
 566 , 23727.0125751 , 0.106146 , 0.103933, 0.254372 
 567 , 23758.593528 , 0.107131 , 0.103933, 0.254372 
 568 , 23790.0275061 , 0.104094 , 0.103933, 0.254372 
 569 , 23821.5452912 , 0.102894 , 0.103933, 0.254372 
 570 , 23905.6982782 , 0.105089 , 0.102495, 0.251991 
 571 , 23937.1981091 , 0.103159 , 0.102495, 0.251991 
 572 , 23968.5840082 , 0.106719 , 0.102495, 0.251991 
 573 , 23999.9005692 , 0.106403 , 0.102495, 0.251991 
 574 , 24031.15521 , 0.104346 , 0.102495, 0.251991 
 575 , 24115.261513 , 0.106666 , 0.105313, 0.252407 
 576 , 24146.8715391 , 0.104902 , 0.105313, 0.252407 
 577 , 24178.2642272 , 0.104043 , 0.105313, 0.252407 
 578 , 24209.7262051 , 0.106242 , 0.105313, 0.252407 
 579 , 24241.7820621 , 0.103336 , 0.105313, 0.252407 
 580 , 24325.952054 , 0.10282 , 0.101744, 0.25167 
 581 , 24357.196589 , 0.104743 , 0.101744, 0.25167 
 582 , 24388.7453382 , 0.104677 , 0.101744, 0.25167 
 583 , 24420.1409042 , 0.105991 , 0.101744, 0.25167 
 584 , 24451.4587061 , 0.105022 , 0.101744, 0.25167 
 585 , 24535.539916 , 0.105327 , 0.101652, 0.25159 
 586 , 24567.0022392 , 0.105628 , 0.101652, 0.25159 
 587 , 24598.3543372 , 0.105895 , 0.101652, 0.25159 
 588 , 24629.6680832 , 0.106942 , 0.101652, 0.25159 
 589 , 24660.9232872 , 0.104031 , 0.101652, 0.25159 
 590 , 24745.0941861 , 0.103814 , 0.100655, 0.252623 
 591 , 24776.6317632 , 0.103714 , 0.100655, 0.252623 
 592 , 24808.051723 , 0.103191 , 0.100655, 0.252623 
 593 , 24839.7154312 , 0.104349 , 0.100655, 0.252623 
 594 , 24871.0640862 , 0.10583 , 0.100655, 0.252623 
 595 , 24955.0568821 , 0.103664 , 0.10182, 0.250127 
 596 , 24986.652452 , 0.105871 , 0.10182, 0.250127 
 597 , 25017.9632232 , 0.100155 , 0.10182, 0.250127 
 598 , 25049.5251162 , 0.104386 , 0.10182, 0.250127 
 599 , 25081.110604 , 0.102909 , 0.10182, 0.250127 
 600 , 25165.3471282 , 0.10592 , 0.101857, 0.251853 
 601 , 25196.736917 , 0.101834 , 0.101857, 0.251853 
 602 , 25228.4061801 , 0.104706 , 0.101857, 0.251853 
 603 , 25259.7129841 , 0.105118 , 0.101857, 0.251853 
 604 , 25291.2088132 , 0.10289 , 0.101857, 0.251853 
 605 , 25375.290977 , 0.103321 , 0.10171, 0.250613 
 606 , 25406.6873991 , 0.106162 , 0.10171, 0.250613 
 607 , 25438.1318321 , 0.103424 , 0.10171, 0.250613 
 608 , 25469.606513 , 0.103129 , 0.10171, 0.250613 
 609 , 25501.020189 , 0.104097 , 0.10171, 0.250613 
 610 , 25585.2836442 , 0.104111 , 0.102523, 0.251351 
 611 , 25616.8985071 , 0.106448 , 0.102523, 0.251351 
 612 , 25648.3544691 , 0.101618 , 0.102523, 0.251351 
 613 , 25679.7633662 , 0.102185 , 0.102523, 0.251351 
 614 , 25711.3804512 , 0.101662 , 0.102523, 0.251351 
 615 , 25795.6179321 , 0.101531 , 0.103158, 0.252377 
 616 , 25827.2491102 , 0.104434 , 0.103158, 0.252377 
 617 , 25858.9716961 , 0.103999 , 0.103158, 0.252377 
 618 , 25890.4753242 , 0.103724 , 0.103158, 0.252377 
 619 , 25921.8787711 , 0.104123 , 0.103158, 0.252377 
 620 , 26005.9941001 , 0.102866 , 0.102375, 0.253319 
 621 , 26037.8409822 , 0.103287 , 0.102375, 0.253319 
 622 , 26069.117233 , 0.101293 , 0.102375, 0.253319 
 623 , 26100.4659851 , 0.1007 , 0.102375, 0.253319 
 624 , 26131.7001832 , 0.102938 , 0.102375, 0.253319 
 625 , 26215.840986 , 0.104278 , 0.102232, 0.250295 
 626 , 26247.1427722 , 0.101677 , 0.102232, 0.250295 
 627 , 26278.29725 , 0.102199 , 0.102232, 0.250295 
 628 , 26309.5490201 , 0.101874 , 0.102232, 0.250295 
 629 , 26340.7454252 , 0.100758 , 0.102232, 0.250295 
 630 , 26424.5677981 , 0.102865 , 0.100935, 0.251953 
 631 , 26455.789464 , 0.102501 , 0.100935, 0.251953 
 632 , 26487.0510921 , 0.101643 , 0.100935, 0.251953 
 633 , 26518.4348171 , 0.101527 , 0.100935, 0.251953 
 634 , 26549.7821052 , 0.102792 , 0.100935, 0.251953 
 635 , 26633.6859822 , 0.101227 , 0.102626, 0.251941 
 636 , 26664.8336201 , 0.103199 , 0.102626, 0.251941 
 637 , 26695.9660611 , 0.103914 , 0.102626, 0.251941 
 638 , 26727.2637062 , 0.103643 , 0.102626, 0.251941 
 639 , 26758.5523591 , 0.102496 , 0.102626, 0.251941 
 640 , 26842.3635471 , 0.0999575 , 0.100398, 0.250378 
 641 , 26873.738435 , 0.101352 , 0.100398, 0.250378 
 642 , 26905.0430002 , 0.104599 , 0.100398, 0.250378 
 643 , 26936.535701 , 0.102351 , 0.100398, 0.250378 
 644 , 26967.7399762 , 0.10296 , 0.100398, 0.250378 
 645 , 27051.7294281 , 0.100799 , 0.0998569, 0.24913 
 646 , 27082.9329491 , 0.103138 , 0.0998569, 0.24913 
 647 , 27114.1111271 , 0.10314 , 0.0998569, 0.24913 
 648 , 27145.3559582 , 0.101987 , 0.0998569, 0.24913 
 649 , 27176.6566582 , 0.10163 , 0.0998569, 0.24913 
 650 , 27260.733443 , 0.101443 , 0.100349, 0.251916 
 651 , 27292.0853531 , 0.103903 , 0.100349, 0.251916 
 652 , 27323.3850121 , 0.100397 , 0.100349, 0.251916 
 653 , 27354.5983021 , 0.102426 , 0.100349, 0.251916 
 654 , 27386.1554792 , 0.103189 , 0.100349, 0.251916 
 655 , 27470.3469622 , 0.0998989 , 0.0995205, 0.250954 
 656 , 27501.6943641 , 0.102359 , 0.0995205, 0.250954 
 657 , 27533.104033 , 0.102316 , 0.0995205, 0.250954 
 658 , 27564.3196142 , 0.10303 , 0.0995205, 0.250954 
 659 , 27595.6702442 , 0.102338 , 0.0995205, 0.250954 
 660 , 27679.7105832 , 0.100397 , 0.0981097, 0.248777 
 661 , 27711.1382551 , 0.103261 , 0.0981097, 0.248777 
 662 , 27742.5302072 , 0.0997259 , 0.0981097, 0.248777 
 663 , 27773.772634 , 0.102104 , 0.0981097, 0.248777 
 664 , 27805.170047 , 0.100426 , 0.0981097, 0.248777 
 665 , 27889.8298292 , 0.103125 , 0.0995326, 0.248561 
 666 , 27921.0719421 , 0.100337 , 0.0995326, 0.248561 
 667 , 27952.4916892 , 0.10129 , 0.0995326, 0.248561 
 668 , 27983.652209 , 0.102228 , 0.0995326, 0.248561 
 669 , 28014.8912802 , 0.0996727 , 0.0995326, 0.248561 
 670 , 28098.8664932 , 0.100572 , 0.0987748, 0.249703 
 671 , 28130.3507321 , 0.102686 , 0.0987748, 0.249703 
 672 , 28161.6384852 , 0.101611 , 0.0987748, 0.249703 
 673 , 28192.9954841 , 0.100169 , 0.0987748, 0.249703 
 674 , 28224.37869 , 0.0996986 , 0.0987748, 0.249703 
 675 , 28308.4628181 , 0.10121 , 0.0994261, 0.248657 
 676 , 28339.978888 , 0.103093 , 0.0994261, 0.248657 
 677 , 28371.3655081 , 0.100621 , 0.0994261, 0.248657 
 678 , 28402.8398972 , 0.0982957 , 0.0994261, 0.248657 
 679 , 28434.2483392 , 0.0988479 , 0.0994261, 0.248657 
 680 , 28518.1963031 , 0.100567 , 0.0973373, 0.246176 
 681 , 28549.6040871 , 0.101516 , 0.0973373, 0.246176 
 682 , 28580.99578 , 0.101147 , 0.0973373, 0.246176 
 683 , 28612.3891382 , 0.100746 , 0.0973373, 0.246176 
 684 , 28643.863718 , 0.0981916 , 0.0973373, 0.246176 
 685 , 28727.9791322 , 0.102097 , 0.0975279, 0.248011 
 686 , 28759.3852012 , 0.101917 , 0.0975279, 0.248011 
 687 , 28791.0305471 , 0.102567 , 0.0975279, 0.248011 
 688 , 28822.1213222 , 0.0996045 , 0.0975279, 0.248011 
 689 , 28853.3944602 , 0.100512 , 0.0975279, 0.248011 
 690 , 28937.4230511 , 0.099395 , 0.0968921, 0.247369 
 691 , 28968.7280381 , 0.0984855 , 0.0968921, 0.247369 
 692 , 29000.2179 , 0.0987809 , 0.0968921, 0.247369 
 693 , 29031.6775892 , 0.100317 , 0.0968921, 0.247369 
 694 , 29063.0396461 , 0.101182 , 0.0968921, 0.247369 
 695 , 29147.1072412 , 0.100289 , 0.0985874, 0.249708 
 696 , 29178.6191902 , 0.100965 , 0.0985874, 0.249708 
 697 , 29209.923619 , 0.100744 , 0.0985874, 0.249708 
 698 , 29241.470294 , 0.102259 , 0.0985874, 0.249708 
 699 , 29273.0407901 , 0.101695 , 0.0985874, 0.249708 
 700 , 29357.283215 , 0.0983229 , 0.0968956, 0.249587 
 701 , 29388.7547522 , 0.100999 , 0.0968956, 0.249587 
 702 , 29420.0083981 , 0.0976897 , 0.0968956, 0.249587 
 703 , 29451.5240791 , 0.0999969 , 0.0968956, 0.249587 
 704 , 29482.7867801 , 0.0983048 , 0.0968956, 0.249587 
 705 , 29566.9082651 , 0.100572 , 0.0969144, 0.24665 
 706 , 29598.2965291 , 0.0983651 , 0.0969144, 0.24665 
 707 , 29629.9972961 , 0.0992941 , 0.0969144, 0.24665 
 708 , 29661.4164152 , 0.0988644 , 0.0969144, 0.24665 
 709 , 29692.8514812 , 0.0999696 , 0.0969144, 0.24665 
 710 , 29776.9143231 , 0.100295 , 0.0973466, 0.246124 
 711 , 29808.4685171 , 0.0999339 , 0.0973466, 0.246124 
 712 , 29839.9535382 , 0.0973716 , 0.0973466, 0.246124 
 713 , 29871.4201932 , 0.0978022 , 0.0973466, 0.246124 
 714 , 29902.6989572 , 0.0977593 , 0.0973466, 0.246124 
 715 , 29986.9196832 , 0.0999967 , 0.0963408, 0.246219 
 716 , 30018.2639542 , 0.0992654 , 0.0963408, 0.246219 
 717 , 30049.526185 , 0.0987544 , 0.0963408, 0.246219 
 718 , 30081.0276041 , 0.099925 , 0.0963408, 0.246219 
 719 , 30112.450546 , 0.0988776 , 0.0963408, 0.246219 
 720 , 30196.5030491 , 0.0987975 , 0.096392, 0.247837 
 721 , 30227.9710772 , 0.0980526 , 0.096392, 0.247837 
 722 , 30259.6400242 , 0.0980704 , 0.096392, 0.247837 
 723 , 30291.2590721 , 0.0985661 , 0.096392, 0.247837 
 724 , 30322.7773471 , 0.0985666 , 0.096392, 0.247837 
 725 , 30406.9434202 , 0.0981403 , 0.096737, 0.248505 
 726 , 30438.3331831 , 0.0991938 , 0.096737, 0.248505 
 727 , 30469.715481 , 0.0975119 , 0.096737, 0.248505 
 728 , 30501.0160131 , 0.0989185 , 0.096737, 0.248505 
 729 , 30532.6249042 , 0.0969435 , 0.096737, 0.248505 
 730 , 30616.9059551 , 0.0990041 , 0.096349, 0.247412 
 731 , 30648.363929 , 0.0957318 , 0.096349, 0.247412 
 732 , 30679.707581 , 0.0995896 , 0.096349, 0.247412 
 733 , 30711.175117 , 0.0989923 , 0.096349, 0.247412 
 734 , 30742.4197412 , 0.100941 , 0.096349, 0.247412 
 735 , 30826.4962351 , 0.100062 , 0.096011, 0.247211 
 736 , 30857.824368 , 0.098642 , 0.096011, 0.247211 
 737 , 30889.3151801 , 0.0976851 , 0.096011, 0.247211 
 738 , 30920.7525351 , 0.0980909 , 0.096011, 0.247211 
 739 , 30952.3205402 , 0.098878 , 0.096011, 0.247211 
 740 , 31036.348016 , 0.0978253 , 0.0969992, 0.249527 
 741 , 31067.8768692 , 0.097279 , 0.0969992, 0.249527 
 742 , 31099.2383101 , 0.097129 , 0.0969992, 0.249527 
 743 , 31130.6980772 , 0.0982262 , 0.0969992, 0.249527 
 744 , 31161.798995 , 0.0961738 , 0.0969992, 0.249527 
 745 , 31246.0091772 , 0.0981446 , 0.0959487, 0.249206 
 746 , 31277.3894932 , 0.0962349 , 0.0959487, 0.249206 
 747 , 31308.8785441 , 0.097735 , 0.0959487, 0.249206 
 748 , 31340.2993951 , 0.0982994 , 0.0959487, 0.249206 
 749 , 31371.7801301 , 0.0976818 , 0.0959487, 0.249206 
 750 , 31456.0148282 , 0.0996602 , 0.0963827, 0.248091 
 751 , 31487.515136 , 0.0978594 , 0.0963827, 0.248091 
 752 , 31518.9436831 , 0.0990033 , 0.0963827, 0.248091 
 753 , 31550.363209 , 0.0975227 , 0.0963827, 0.248091 
 754 , 31581.8438101 , 0.100181 , 0.0963827, 0.248091 
 755 , 31665.873126 , 0.0965963 , 0.0991997, 0.250991 
 756 , 31697.5070572 , 0.097012 , 0.0991997, 0.250991 
 757 , 31728.9099152 , 0.0959291 , 0.0991997, 0.250991 
 758 , 31760.4240122 , 0.100432 , 0.0991997, 0.250991 
 759 , 31792.1683302 , 0.0964588 , 0.0991997, 0.250991 
 760 , 31876.2658451 , 0.0959335 , 0.0956477, 0.247473 
 761 , 31907.7363212 , 0.100576 , 0.0956477, 0.247473 
 762 , 31939.195127 , 0.0978309 , 0.0956477, 0.247473 
 763 , 31970.642766 , 0.0966106 , 0.0956477, 0.247473 
 764 , 32002.0507221 , 0.0985806 , 0.0956477, 0.247473 
 765 , 32086.1637502 , 0.0981246 , 0.0949024, 0.247562 
 766 , 32117.6096652 , 0.097485 , 0.0949024, 0.247562 
 767 , 32148.9219642 , 0.096496 , 0.0949024, 0.247562 
 768 , 32180.547122 , 0.0976182 , 0.0949024, 0.247562 
 769 , 32212.1300962 , 0.0984657 , 0.0949024, 0.247562 
 770 , 32296.4036722 , 0.0946258 , 0.0981374, 0.248284 
 771 , 32327.8541491 , 0.0961785 , 0.0981374, 0.248284 
 772 , 32359.4940071 , 0.0996274 , 0.0981374, 0.248284 
 773 , 32390.9673152 , 0.096934 , 0.0981374, 0.248284 
 774 , 32422.52934 , 0.098471 , 0.0981374, 0.248284 
 775 , 32506.6708272 , 0.0991041 , 0.0950424, 0.247509 
 776 , 32538.1682651 , 0.0980306 , 0.0950424, 0.247509 
 777 , 32569.6962621 , 0.0950437 , 0.0950424, 0.247509 
 778 , 32601.2128761 , 0.0983264 , 0.0950424, 0.247509 
 779 , 32632.9855762 , 0.0946083 , 0.0950424, 0.247509 
 780 , 32717.1010501 , 0.0978779 , 0.0954424, 0.247407 
 781 , 32748.7029672 , 0.0958927 , 0.0954424, 0.247407 
 782 , 32780.204885 , 0.0957424 , 0.0954424, 0.247407 
 783 , 32811.6367192 , 0.0949877 , 0.0954424, 0.247407 
 784 , 32843.159585 , 0.0958811 , 0.0954424, 0.247407 
 785 , 32927.234164 , 0.0996275 , 0.0955034, 0.247724 
 786 , 32958.7251811 , 0.099758 , 0.0955034, 0.247724 
 787 , 32990.345926 , 0.0949563 , 0.0955034, 0.247724 
 788 , 33021.9111841 , 0.0983445 , 0.0955034, 0.247724 
 789 , 33053.5002611 , 0.0968484 , 0.0955034, 0.247724 
 790 , 33137.6440222 , 0.0980381 , 0.0950113, 0.244606 
 791 , 33169.0246391 , 0.0951987 , 0.0950113, 0.244606 
 792 , 33200.6209102 , 0.0966311 , 0.0950113, 0.244606 
 793 , 33232.0377471 , 0.0988126 , 0.0950113, 0.244606 
 794 , 33263.3671062 , 0.0964147 , 0.0950113, 0.244606 
 795 , 33347.593065 , 0.0965127 , 0.0946866, 0.243831 
 796 , 33379.0881071 , 0.0971422 , 0.0946866, 0.243831 
 797 , 33410.3611031 , 0.0972627 , 0.0946866, 0.243831 
 798 , 33441.8662012 , 0.0959276 , 0.0946866, 0.243831 
 799 , 33473.233211 , 0.0963195 , 0.0946866, 0.243831 
 800 , 33557.3103421 , 0.0976219 , 0.0954978, 0.245718 
 801 , 33588.7056112 , 0.095897 , 0.0954978, 0.245718 
 802 , 33620.2484002 , 0.0958082 , 0.0954978, 0.245718 
 803 , 33651.893378 , 0.0955435 , 0.0954978, 0.245718 
 804 , 33683.2878392 , 0.0958186 , 0.0954978, 0.245718 
 805 , 33767.2249191 , 0.0975615 , 0.0952235, 0.245004 
 806 , 33798.7034781 , 0.09574 , 0.0952235, 0.245004 
 807 , 33829.888968 , 0.0971449 , 0.0952235, 0.245004 
 808 , 33861.200103 , 0.0972377 , 0.0952235, 0.245004 
 809 , 33892.6005771 , 0.0947382 , 0.0952235, 0.245004 
 810 , 33976.6564031 , 0.0957217 , 0.094121, 0.245176 
 811 , 34008.239799 , 0.0974178 , 0.094121, 0.245176 
 812 , 34039.7464652 , 0.0969494 , 0.094121, 0.245176 
 813 , 34071.0058391 , 0.0952845 , 0.094121, 0.245176 
 814 , 34102.260807 , 0.0971797 , 0.094121, 0.245176 
 815 , 34186.284517 , 0.0958175 , 0.0960222, 0.2448 
 816 , 34217.763118 , 0.0970165 , 0.0960222, 0.2448 
 817 , 34249.150213 , 0.0942227 , 0.0960222, 0.2448 
 818 , 34280.5787802 , 0.0953063 , 0.0960222, 0.2448 
 819 , 34311.867135 , 0.09528 , 0.0960222, 0.2448 
 820 , 34395.9398742 , 0.0965327 , 0.0942407, 0.243859 
 821 , 34426.976943 , 0.0946656 , 0.0942407, 0.243859 
 822 , 34458.187798 , 0.0987836 , 0.0942407, 0.243859 
 823 , 34489.297955 , 0.0940276 , 0.0942407, 0.243859 
 824 , 34520.3497341 , 0.095722 , 0.0942407, 0.243859 
 825 , 34604.0254581 , 0.0961277 , 0.0939399, 0.24448 
 826 , 34635.1650951 , 0.0953078 , 0.0939399, 0.24448 
 827 , 34666.30196 , 0.0982469 , 0.0939399, 0.24448 
 828 , 34697.3731792 , 0.0951411 , 0.0939399, 0.24448 
 829 , 34728.5837412 , 0.0969116 , 0.0939399, 0.24448 
 830 , 34812.3088362 , 0.096302 , 0.0958746, 0.24819 
 831 , 34843.1914761 , 0.095756 , 0.0958746, 0.24819 
 832 , 34874.398051 , 0.0944818 , 0.0958746, 0.24819 
 833 , 34905.5597732 , 0.0971643 , 0.0958746, 0.24819 
 834 , 34936.6786661 , 0.0960554 , 0.0958746, 0.24819 
 835 , 35020.9714801 , 0.095279 , 0.0950655, 0.247415 
 836 , 35052.2686901 , 0.0970735 , 0.0950655, 0.247415 
 837 , 35083.5567832 , 0.0951957 , 0.0950655, 0.247415 
 838 , 35114.8729892 , 0.0964854 , 0.0950655, 0.247415 
 839 , 35146.1615031 , 0.0965019 , 0.0950655, 0.247415 
 840 , 35230.219593 , 0.0984259 , 0.0943773, 0.244031 
 841 , 35261.4854572 , 0.0979966 , 0.0943773, 0.244031 
 842 , 35292.8524721 , 0.0962378 , 0.0943773, 0.244031 
 843 , 35324.0185161 , 0.0977649 , 0.0943773, 0.244031 
 844 , 35355.4114001 , 0.100084 , 0.0943773, 0.244031 
 845 , 35443.5710721 , 0.0973927 , 0.0959803, 0.247663 
 846 , 35474.7051342 , 0.0937598 , 0.0959803, 0.247663 
 847 , 35505.990859 , 0.0956504 , 0.0959803, 0.247663 
 848 , 35537.2046251 , 0.09758 , 0.0959803, 0.247663 
 849 , 35568.3997092 , 0.0980331 , 0.0959803, 0.247663 
 850 , 35652.0361102 , 0.0982086 , 0.0954904, 0.246766 
 851 , 35683.2684932 , 0.0949877 , 0.0954904, 0.246766 
 852 , 35714.4780021 , 0.0936771 , 0.0954904, 0.246766 
 853 , 35745.843502 , 0.096659 , 0.0954904, 0.246766 
 854 , 35777.1197681 , 0.0978981 , 0.0954904, 0.246766 
 855 , 35861.0766132 , 0.0924666 , 0.0952508, 0.246486 
 856 , 35892.4317842 , 0.0946703 , 0.0952508, 0.246486 
 857 , 35923.7719922 , 0.0988365 , 0.0952508, 0.246486 
 858 , 35955.2188792 , 0.0974892 , 0.0952508, 0.246486 
 859 , 35986.4053621 , 0.0970585 , 0.0952508, 0.246486 
 860 , 36070.3952272 , 0.094097 , 0.095989, 0.247314 
 861 , 36101.8248422 , 0.0961766 , 0.095989, 0.247314 
 862 , 36133.293637 , 0.0957554 , 0.095989, 0.247314 
 863 , 36164.8724551 , 0.0967601 , 0.095989, 0.247314 
 864 , 36196.229918 , 0.0973893 , 0.095989, 0.247314 
 865 , 36280.3616381 , 0.0944484 , 0.0931167, 0.246272 
 866 , 36311.6661921 , 0.0941842 , 0.0931167, 0.246272 
 867 , 36343.1615932 , 0.0946348 , 0.0931167, 0.246272 
 868 , 36374.7028592 , 0.0933776 , 0.0931167, 0.246272 
 869 , 36406.2968531 , 0.0952809 , 0.0931167, 0.246272 
 870 , 36490.3998132 , 0.0968558 , 0.0932993, 0.244626 
 871 , 36521.8868172 , 0.094539 , 0.0932993, 0.244626 
 872 , 36553.371134 , 0.0943124 , 0.0932993, 0.244626 
 873 , 36584.8649321 , 0.0940747 , 0.0932993, 0.244626 
 874 , 36616.416615 , 0.0944438 , 0.0932993, 0.244626 
 875 , 36700.477154 , 0.0956596 , 0.0934218, 0.243513 
 876 , 36731.8627222 , 0.0970075 , 0.0934218, 0.243513 
 877 , 36763.2598841 , 0.0964282 , 0.0934218, 0.243513 
 878 , 36794.6279962 , 0.0970582 , 0.0934218, 0.243513 
 879 , 36826.8765891 , 0.0955062 , 0.0934218, 0.243513 
 880 , 36910.9076731 , 0.0938354 , 0.0930768, 0.243408 
 881 , 36942.3114431 , 0.0964868 , 0.0930768, 0.243408 
 882 , 36973.6930711 , 0.09456 , 0.0930768, 0.243408 
 883 , 37005.2150452 , 0.0949315 , 0.0930768, 0.243408 
 884 , 37036.6028931 , 0.0950167 , 0.0930768, 0.243408 
 885 , 37120.8416481 , 0.0955582 , 0.0950919, 0.243662 
 886 , 37152.2628272 , 0.095588 , 0.0950919, 0.243662 
 887 , 37183.8466811 , 0.0952963 , 0.0950919, 0.243662 
 888 , 37215.2545221 , 0.0952228 , 0.0950919, 0.243662 
 889 , 37246.6016712 , 0.0963387 , 0.0950919, 0.243662 
 890 , 37330.8045862 , 0.0955265 , 0.0928673, 0.244747 
 891 , 37362.3079121 , 0.0966838 , 0.0928673, 0.244747 
 892 , 37394.0222671 , 0.0953383 , 0.0928673, 0.244747 
 893 , 37425.3236332 , 0.0991049 , 0.0928673, 0.244747 
 894 , 37456.9832652 , 0.0961507 , 0.0928673, 0.244747 
 895 , 37541.2496042 , 0.0956466 , 0.0939865, 0.244654 
 896 , 37572.9438331 , 0.0947405 , 0.0939865, 0.244654 
 897 , 37604.2261152 , 0.0948481 , 0.0939865, 0.244654 
 898 , 37635.6803391 , 0.0965561 , 0.0939865, 0.244654 
 899 , 37667.2441061 , 0.0952878 , 0.0939865, 0.244654 
 900 , 37751.243479 , 0.0962445 , 0.0942148, 0.245042 
 901 , 37782.6166351 , 0.0946551 , 0.0942148, 0.245042 
 902 , 37813.9530561 , 0.096099 , 0.0942148, 0.245042 
 903 , 37845.287297 , 0.0964867 , 0.0942148, 0.245042 
 904 , 37876.5186021 , 0.0943767 , 0.0942148, 0.245042 
 905 , 37960.6516602 , 0.0947357 , 0.0927442, 0.24362 
 906 , 37991.858376 , 0.0975324 , 0.0927442, 0.24362 
 907 , 38023.348505 , 0.0955289 , 0.0927442, 0.24362 
 908 , 38054.835875 , 0.0953836 , 0.0927442, 0.24362 
 909 , 38086.266458 , 0.0967787 , 0.0927442, 0.24362 
 910 , 38170.3455701 , 0.094684 , 0.093428, 0.243772 
 911 , 38201.8989301 , 0.0958575 , 0.093428, 0.243772 
 912 , 38233.2877021 , 0.0967805 , 0.093428, 0.243772 
 913 , 38264.469264 , 0.0959979 , 0.093428, 0.243772 
 914 , 38295.919661 , 0.0958218 , 0.093428, 0.243772 
 915 , 38380.1579621 , 0.095613 , 0.0953946, 0.244084 
 916 , 38411.4881032 , 0.0939828 , 0.0953946, 0.244084 
 917 , 38443.0571291 , 0.0937637 , 0.0953946, 0.244084 
 918 , 38474.4409592 , 0.0931306 , 0.0953946, 0.244084 
 919 , 38505.9153421 , 0.0951034 , 0.0953946, 0.244084 
 920 , 38589.9710641 , 0.0933688 , 0.0941677, 0.242532 
 921 , 38621.3459561 , 0.0960225 , 0.0941677, 0.242532 
 922 , 38652.9658232 , 0.0967709 , 0.0941677, 0.242532 
 923 , 38684.2999341 , 0.095256 , 0.0941677, 0.242532 
 924 , 38715.582741 , 0.0957123 , 0.0941677, 0.242532 
 925 , 38799.7842391 , 0.0939422 , 0.0924771, 0.243588 
 926 , 38831.131665 , 0.094501 , 0.0924771, 0.243588 
 927 , 38862.6618021 , 0.0958693 , 0.0924771, 0.243588 
 928 , 38894.2097511 , 0.0940294 , 0.0924771, 0.243588 
 929 , 38925.593672 , 0.0934985 , 0.0924771, 0.243588 
 930 , 39009.4840741 , 0.0931984 , 0.0929378, 0.243495 
 931 , 39041.0719881 , 0.0955856 , 0.0929378, 0.243495 
 932 , 39072.4127641 , 0.0945496 , 0.0929378, 0.243495 
 933 , 39104.0253441 , 0.0946014 , 0.0929378, 0.243495 
 934 , 39135.6805432 , 0.0970941 , 0.0929378, 0.243495 
 935 , 39219.6375861 , 0.0942524 , 0.096316, 0.246945 
 936 , 39251.291213 , 0.0934863 , 0.096316, 0.246945 
 937 , 39282.8072522 , 0.0936129 , 0.096316, 0.246945 
 938 , 39314.3411222 , 0.0943476 , 0.096316, 0.246945 
 939 , 39345.80021 , 0.0936702 , 0.096316, 0.246945 
 940 , 39429.9841721 , 0.0936473 , 0.0942074, 0.243283 
 941 , 39461.6449502 , 0.0952411 , 0.0942074, 0.243283 
 942 , 39493.2312701 , 0.0937792 , 0.0942074, 0.243283 
 943 , 39524.8021061 , 0.0939842 , 0.0942074, 0.243283 
 944 , 39556.3846762 , 0.0959849 , 0.0942074, 0.243283 
 945 , 39640.5137341 , 0.0951039 , 0.0932182, 0.243566 
 946 , 39671.9725451 , 0.0961252 , 0.0932182, 0.243566 
 947 , 39703.4451401 , 0.0918565 , 0.0932182, 0.243566 
 948 , 39734.7019522 , 0.0970041 , 0.0932182, 0.243566 
 949 , 39766.1529002 , 0.094217 , 0.0932182, 0.243566 
 950 , 39850.4209852 , 0.0939701 , 0.09262, 0.242575 
 951 , 39881.776685 , 0.0937535 , 0.09262, 0.242575 
 952 , 39913.1400182 , 0.0943157 , 0.09262, 0.242575 
 953 , 39944.4500351 , 0.0938311 , 0.09262, 0.242575 
 954 , 39975.9323051 , 0.095198 , 0.09262, 0.242575 
 955 , 40060.0614121 , 0.0927981 , 0.0949459, 0.242482 
 956 , 40091.4070621 , 0.0927603 , 0.0949459, 0.242482 
 957 , 40122.8503392 , 0.0943479 , 0.0949459, 0.242482 
 958 , 40154.3446941 , 0.0938813 , 0.0949459, 0.242482 
 959 , 40185.958919 , 0.0940003 , 0.0949459, 0.242482 
 960 , 40270.1727972 , 0.0947222 , 0.0931354, 0.243333 
 961 , 40301.7015262 , 0.0952546 , 0.0931354, 0.243333 
 962 , 40333.2946522 , 0.0941102 , 0.0931354, 0.243333 
 963 , 40364.7277641 , 0.0954396 , 0.0931354, 0.243333 
 964 , 40396.2836342 , 0.0943508 , 0.0931354, 0.243333 
 965 , 40480.9856761 , 0.095382 , 0.0928813, 0.241544 
 966 , 40512.3231971 , 0.0941671 , 0.0928813, 0.241544 
 967 , 40543.8122802 , 0.0952609 , 0.0928813, 0.241544 
 968 , 40575.1296201 , 0.0943528 , 0.0928813, 0.241544 
 969 , 40606.6962922 , 0.094872 , 0.0928813, 0.241544 
 970 , 40690.8506131 , 0.0935795 , 0.0927676, 0.244052 
 971 , 40722.2653151 , 0.0963902 , 0.0927676, 0.244052 
 972 , 40753.6709082 , 0.0935612 , 0.0927676, 0.244052 
 973 , 40785.0054071 , 0.0922005 , 0.0927676, 0.244052 
 974 , 40816.4361341 , 0.0927459 , 0.0927676, 0.244052 
 975 , 40900.6773102 , 0.0945566 , 0.0923063, 0.244017 
 976 , 40932.1136012 , 0.0953629 , 0.0923063, 0.244017 
 977 , 40963.505121 , 0.0929625 , 0.0923063, 0.244017 
 978 , 40995.006989 , 0.093159 , 0.0923063, 0.244017 
 979 , 41026.4628122 , 0.0936767 , 0.0923063, 0.244017 
 980 , 41110.688323 , 0.0925562 , 0.0923711, 0.240799 
 981 , 41142.2980502 , 0.094172 , 0.0923711, 0.240799 
 982 , 41173.7721751 , 0.0928706 , 0.0923711, 0.240799 
 983 , 41205.3597031 , 0.0934284 , 0.0923711, 0.240799 
 984 , 41236.88116 , 0.0952145 , 0.0923711, 0.240799 
 985 , 41321.0993581 , 0.0947908 , 0.092177, 0.242935 
 986 , 41352.704355 , 0.0939482 , 0.092177, 0.242935 
 987 , 41384.0356421 , 0.0936309 , 0.092177, 0.242935 
 988 , 41415.6018701 , 0.0937039 , 0.092177, 0.242935 
 989 , 41447.0038052 , 0.0942238 , 0.092177, 0.242935 
 990 , 41531.116472 , 0.0939363 , 0.0913804, 0.241278 
 991 , 41562.7441092 , 0.0938464 , 0.0913804, 0.241278 
 992 , 41594.1700311 , 0.0942273 , 0.0913804, 0.241278 
 993 , 41625.6977782 , 0.0943722 , 0.0913804, 0.241278 
 994 , 41657.3756011 , 0.0948401 , 0.0913804, 0.241278 
 995 , 41741.6383111 , 0.0928442 , 0.0933853, 0.242481 
 996 , 41773.1562681 , 0.0922462 , 0.0933853, 0.242481 
 997 , 41804.5168402 , 0.0953756 , 0.0933853, 0.242481 
 998 , 41836.1226411 , 0.0929099 , 0.0933853, 0.242481 
 999 , 41867.5876751 , 0.0938946 , 0.0933853, 0.242481 
 1000 , 41950.5716281 , 0.0951298 , 0.0921908, 0.244406 
