#wRandFlip 
#The training is running for 1000 chunks, each with 1008 images. That are about 17 epochs. The validation sample contains 3078 images. 
#round  ,time, mean_train_loss , mean_valid_loss, mean_sliced_accuracy, mean_train_loss_test, mean_accuracy 
#  starting learning rate to 0.020000 
 1 , 89.5412180424 , 0.293082 , 0.0 , 0.0, 0.0, 0.0 
 2 , 151.957019091 , 0.256682 , 0.0 , 0.0, 0.0, 0.0 
 3 , 183.125949144 , 0.25881 , 0.0 , 0.0, 0.0, 0.0 
 4 , 214.490988016 , 0.259025 , 0.0 , 0.0, 0.0, 0.0 
#Free GPU Mem after validation step 256.9375 MiB 
 5 , 306.647228003 , 0.259057 , 0.0 , 0.0, 0.0, 0.0 
 6 , 338.671574116 , 0.258399 , 0.0 , 0.0, 0.0, 0.0 
 7 , 370.726907969 , 0.260435 , 0.243392, 0.276532, 0.245029, 0.586263  
 8 , 401.574869156 , 0.25647 , 0.243392, 0.276532, 0.245029, 0.586263  
 9 , 434.105985165 , 0.258586 , 0.243392, 0.276532, 0.245029, 0.586263  
 10 , 508.839826107 , 0.256487 , 0.243392, 0.276532, 0.242084, 0.586263  
 11 , 540.583693981 , 0.256325 , 0.243392, 0.276532, 0.242084, 0.586263  
 12 , 575.090497017 , 0.258369 , 0.243392, 0.276532, 0.242084, 0.586263  
 13 , 605.297022104 , 0.257759 , 0.243392, 0.276532, 0.242084, 0.586263  
 14 , 635.196699142 , 0.256522 , 0.243392, 0.276532, 0.242084, 0.586263  
 15 , 708.04532814 , 0.257959 , 0.243392, 0.276532, 0.243564, 0.586263  
 16 , 741.220857143 , 0.255856 , 0.243392, 0.276532, 0.243564, 0.586263  
 17 , 771.908290148 , 0.256545 , 0.243392, 0.276532, 0.243564, 0.586263  
 18 , 803.837759018 , 0.259183 , 0.243392, 0.276532, 0.243564, 0.586263  
 19 , 835.831575155 , 0.260167 , 0.243392, 0.276532, 0.243564, 0.586263  
 20 , 910.391304016 , 0.257411 , 0.243392, 0.276532, 0.243729, 0.586263  
 21 , 942.499084949 , 0.256568 , 0.243392, 0.276532, 0.243729, 0.586263  
 22 , 976.872287989 , 0.255664 , 0.243392, 0.276532, 0.243729, 0.586263  
 23 , 1006.66781211 , 0.258793 , 0.243392, 0.276532, 0.243729, 0.586263  
 24 , 1036.70039415 , 0.253727 , 0.243392, 0.276532, 0.243729, 0.586263  
 25 , 1107.08715105 , 0.258681 , 0.243392, 0.276532, 0.244985, 0.586263  
 26 , 1136.78237605 , 0.259269 , 0.243392, 0.276532, 0.244985, 0.586263  
 27 , 1165.418185 , 0.260573 , 0.243392, 0.276532, 0.244985, 0.586263  
 28 , 1195.18354797 , 0.257172 , 0.243392, 0.276532, 0.244985, 0.586263  
 29 , 1225.29606915 , 0.2609 , 0.243392, 0.276532, 0.244985, 0.586263  
 30 , 1295.34993601 , 0.258104 , 0.243392, 0.276532, 0.243576, 0.586263  
 31 , 1324.78638816 , 0.259857 , 0.243392, 0.276532, 0.243576, 0.586263  
 32 , 1353.43011403 , 0.256899 , 0.243392, 0.276532, 0.243576, 0.586263  
 33 , 1383.35515499 , 0.255343 , 0.243392, 0.276532, 0.243576, 0.586263  
 34 , 1413.22788906 , 0.25814 , 0.243392, 0.276532, 0.243576, 0.586263  
 35 , 1483.14010406 , 0.260226 , 0.243392, 0.276532, 0.246512, 0.586263  
 36 , 1512.76655006 , 0.256114 , 0.243392, 0.276532, 0.246512, 0.586263  
 37 , 1541.04345798 , 0.254752 , 0.243392, 0.276532, 0.246512, 0.586263  
 38 , 1570.39987612 , 0.255311 , 0.243392, 0.276532, 0.246512, 0.586263  
 39 , 1600.27056909 , 0.255084 , 0.243392, 0.276532, 0.246512, 0.586263  
 40 , 1670.35539007 , 0.259644 , 0.243392, 0.276532, 0.244073, 0.586263  
 41 , 1699.02392316 , 0.259711 , 0.243392, 0.276532, 0.244073, 0.586263  
 42 , 1728.63672304 , 0.255161 , 0.243392, 0.276532, 0.244073, 0.586263  
 43 , 1758.11388206 , 0.256987 , 0.243392, 0.276532, 0.244073, 0.586263  
 44 , 1787.28895807 , 0.258756 , 0.243392, 0.276532, 0.244073, 0.586263  
 45 , 1858.37823701 , 0.261668 , 0.243392, 0.276532, 0.247804, 0.586263  
 46 , 1886.65132904 , 0.26034 , 0.243392, 0.276532, 0.247804, 0.586263  
 47 , 1916.07652712 , 0.257181 , 0.243392, 0.276532, 0.247804, 0.586263  
 48 , 1945.16608906 , 0.256339 , 0.243392, 0.276532, 0.247804, 0.586263  
 49 , 1974.40527105 , 0.255195 , 0.243392, 0.276532, 0.247804, 0.586263  
 50 , 2045.05375314 , 0.256849 , 0.243392, 0.276532, 0.243439, 0.586263  
 51 , 2073.68733096 , 0.256993 , 0.243392, 0.276532, 0.243439, 0.586263  
 52 , 2103.19223714 , 0.259162 , 0.243392, 0.276532, 0.243439, 0.586263  
 53 , 2131.82123399 , 0.257791 , 0.243392, 0.276532, 0.243439, 0.586263  
 54 , 2162.20913696 , 0.256317 , 0.243392, 0.276532, 0.243439, 0.586263  
 55 , 2232.77628398 , 0.255467 , 0.243392, 0.276532, 0.241137, 0.586263  
 56 , 2261.40717101 , 0.257076 , 0.243392, 0.276532, 0.241137, 0.586263  
 57 , 2291.01462412 , 0.255438 , 0.243392, 0.276532, 0.241137, 0.586263  
 58 , 2319.83921099 , 0.25784 , 0.243392, 0.276532, 0.241137, 0.586263  
 59 , 2350.01710415 , 0.257798 , 0.243392, 0.276532, 0.241137, 0.586263  
 60 , 2420.19690108 , 0.256304 , 0.243392, 0.276532, 0.241606, 0.586263  
 61 , 2449.66443801 , 0.258687 , 0.243392, 0.276532, 0.241606, 0.586263  
 62 , 2478.174752 , 0.257729 , 0.243392, 0.276532, 0.241606, 0.586263  
 63 , 2508.03930998 , 0.255433 , 0.243392, 0.276532, 0.241606, 0.586263  
 64 , 2537.357867 , 0.255966 , 0.243392, 0.276532, 0.241606, 0.586263  
 65 , 2607.64036512 , 0.25865 , 0.243392, 0.276532, 0.244905, 0.586263  
 66 , 2636.04442716 , 0.254843 , 0.243392, 0.276532, 0.244905, 0.586263  
 67 , 2665.54324317 , 0.255494 , 0.243392, 0.276532, 0.244905, 0.586263  
 68 , 2694.24668908 , 0.26115 , 0.243392, 0.276532, 0.244905, 0.586263  
 69 , 2724.29193401 , 0.256574 , 0.243392, 0.276532, 0.244905, 0.586263  
 70 , 2794.44501996 , 0.258411 , 0.243392, 0.276532, 0.244596, 0.586263  
 71 , 2822.76647997 , 0.25774 , 0.243392, 0.276532, 0.244596, 0.586263  
 72 , 2852.14977503 , 0.25654 , 0.243392, 0.276532, 0.244596, 0.586263  
 73 , 2880.85514402 , 0.254905 , 0.243392, 0.276532, 0.244596, 0.586263  
 74 , 2910.8694911 , 0.257573 , 0.243392, 0.276532, 0.244596, 0.586263  
 75 , 2980.89832997 , 0.256601 , 0.243392, 0.276532, 0.242142, 0.586263  
 76 , 3010.23205805 , 0.259165 , 0.243392, 0.276532, 0.242142, 0.586263  
 77 , 3038.62804413 , 0.257267 , 0.243392, 0.276532, 0.242142, 0.586263  
 78 , 3068.30675101 , 0.257987 , 0.243392, 0.276532, 0.242142, 0.586263  
 79 , 3098.24398708 , 0.260191 , 0.243392, 0.276532, 0.242142, 0.586263  
 80 , 3168.77905202 , 0.25766 , 0.243392, 0.276532, 0.242524, 0.586263  
 81 , 3197.21058416 , 0.262351 , 0.243392, 0.276532, 0.242524, 0.586263  
 82 , 3226.74481297 , 0.261445 , 0.243392, 0.276532, 0.242524, 0.586263  
 83 , 3256.05148602 , 0.256926 , 0.243392, 0.276532, 0.242524, 0.586263  
 84 , 3285.07971811 , 0.256453 , 0.243392, 0.276532, 0.242524, 0.586263  
 85 , 3355.24947596 , 0.256008 , 0.243392, 0.276532, 0.240699, 0.586263  
 86 , 3384.91394114 , 0.257958 , 0.243392, 0.276532, 0.240699, 0.586263  
 87 , 3414.15996003 , 0.259603 , 0.243392, 0.276532, 0.240699, 0.586263  
 88 , 3442.68054104 , 0.257447 , 0.243392, 0.276532, 0.240699, 0.586263  
 89 , 3472.98797297 , 0.254487 , 0.243392, 0.276532, 0.240699, 0.586263  
 90 , 3542.97107601 , 0.25888 , 0.243392, 0.276532, 0.243236, 0.586263  
 91 , 3572.31168818 , 0.255805 , 0.243392, 0.276532, 0.243236, 0.586263  
 92 , 3600.81670213 , 0.258933 , 0.243392, 0.276532, 0.243236, 0.586263  
 93 , 3630.330724 , 0.25855 , 0.243392, 0.276532, 0.243236, 0.586263  
 94 , 3660.03512096 , 0.257879 , 0.243392, 0.276532, 0.243236, 0.586263  
 95 , 3729.93613601 , 0.256765 , 0.243392, 0.276532, 0.242544, 0.586263  
 96 , 3759.22119999 , 0.254456 , 0.243392, 0.276532, 0.242544, 0.586263  
 97 , 3787.86930513 , 0.256298 , 0.243392, 0.276532, 0.242544, 0.586263  
 98 , 3817.47380114 , 0.256849 , 0.243392, 0.276532, 0.242544, 0.586263  
 99 , 3847.00889111 , 0.25385 , 0.243392, 0.276532, 0.242544, 0.586263  
 100 , 3917.05378699 , 0.258361 , 0.243392, 0.276532, 0.245254, 0.586263  
 101 , 3946.34317112 , 0.256718 , 0.243392, 0.276532, 0.245254, 0.586263  
 102 , 3974.81730604 , 0.256995 , 0.243392, 0.276532, 0.245254, 0.586263  
 103 , 4004.38717318 , 0.258902 , 0.243392, 0.276532, 0.245254, 0.586263  
 104 , 4033.62595797 , 0.259164 , 0.243392, 0.276532, 0.245254, 0.586263  
 105 , 4104.68952298 , 0.260352 , 0.243392, 0.276532, 0.246348, 0.586263  
 106 , 4133.32643104 , 0.259048 , 0.243392, 0.276532, 0.246348, 0.586263  
 107 , 4163.11466408 , 0.257875 , 0.243392, 0.276532, 0.246348, 0.586263  
 108 , 4191.80766296 , 0.260892 , 0.243392, 0.276532, 0.246348, 0.586263  
 109 , 4222.10079408 , 0.255862 , 0.243392, 0.276532, 0.246348, 0.586263  
 110 , 4291.94723797 , 0.25945 , 0.243392, 0.276532, 0.244505, 0.586263  
 111 , 4321.32870603 , 0.260473 , 0.243392, 0.276532, 0.244505, 0.586263  
 112 , 4349.94328117 , 0.256837 , 0.243392, 0.276532, 0.244505, 0.586263  
 113 , 4379.74613404 , 0.258137 , 0.243392, 0.276532, 0.244505, 0.586263  
 114 , 4409.61859417 , 0.258477 , 0.243392, 0.276532, 0.244505, 0.586263  
 115 , 4479.74046516 , 0.255893 , 0.243392, 0.276532, 0.239966, 0.586263  
 116 , 4508.31950116 , 0.253466 , 0.243392, 0.276532, 0.239966, 0.586263  
 117 , 4538.06697202 , 0.255099 , 0.243392, 0.276532, 0.239966, 0.586263  
 118 , 4567.50909615 , 0.258934 , 0.243392, 0.276532, 0.239966, 0.586263  
 119 , 4596.66834807 , 0.253714 , 0.243392, 0.276532, 0.239966, 0.586263  
 120 , 4667.11776495 , 0.25847 , 0.243392, 0.276532, 0.24423, 0.586263  
 121 , 4696.74929404 , 0.258945 , 0.243392, 0.276532, 0.24423, 0.586263  
 122 , 4726.03134298 , 0.256299 , 0.243392, 0.276532, 0.24423, 0.586263  
 123 , 4754.71589804 , 0.258229 , 0.243392, 0.276532, 0.24423, 0.586263  
 124 , 4784.77493596 , 0.256143 , 0.243392, 0.276532, 0.24423, 0.586263  
 125 , 4854.62560511 , 0.26096 , 0.243392, 0.276532, 0.24613, 0.586263  
 126 , 4883.91710114 , 0.258651 , 0.243392, 0.276532, 0.24613, 0.586263  
 127 , 4912.25026703 , 0.255672 , 0.243392, 0.276532, 0.24613, 0.586263  
 128 , 4941.7508471 , 0.253922 , 0.243392, 0.276532, 0.24613, 0.586263  
 129 , 4971.50700712 , 0.257303 , 0.243392, 0.276532, 0.24613, 0.586263  
 130 , 5041.287745 , 0.255295 , 0.243392, 0.276532, 0.241866, 0.586263  
 131 , 5070.50835204 , 0.258722 , 0.243392, 0.276532, 0.241866, 0.586263  
 132 , 5098.98410511 , 0.258099 , 0.243392, 0.276532, 0.241866, 0.586263  
 133 , 5128.46146798 , 0.255739 , 0.243392, 0.276532, 0.241866, 0.586263  
 134 , 5158.03053999 , 0.258388 , 0.243392, 0.276532, 0.241866, 0.586263  
 135 , 5228.04640198 , 0.254891 , 0.243392, 0.276532, 0.241031, 0.586263  
 136 , 5257.42004418 , 0.256155 , 0.243392, 0.276532, 0.241031, 0.586263  
 137 , 5285.95127201 , 0.253347 , 0.243392, 0.276532, 0.241031, 0.586263  
 138 , 5315.59645414 , 0.256281 , 0.243392, 0.276532, 0.241031, 0.586263  
 139 , 5344.74374914 , 0.255016 , 0.243392, 0.276532, 0.241031, 0.586263  
 140 , 5415.74833918 , 0.257656 , 0.243392, 0.276532, 0.243416, 0.586263  
 141 , 5444.37931108 , 0.256589 , 0.243392, 0.276532, 0.243416, 0.586263  
 142 , 5473.99363518 , 0.261802 , 0.243392, 0.276532, 0.243416, 0.586263  
 143 , 5502.68288207 , 0.258861 , 0.243392, 0.276532, 0.243416, 0.586263  
 144 , 5532.63205099 , 0.25823 , 0.243392, 0.276532, 0.243416, 0.586263  
 145 , 5602.51034999 , 0.259233 , 0.243392, 0.276532, 0.244746, 0.586263  
 146 , 5631.94697714 , 0.258646 , 0.243392, 0.276532, 0.244746, 0.586263  
 147 , 5660.49974298 , 0.257617 , 0.243392, 0.276532, 0.244746, 0.586263  
 148 , 5690.2105751 , 0.26064 , 0.243392, 0.276532, 0.244746, 0.586263  
 149 , 5720.04897213 , 0.257871 , 0.243392, 0.276532, 0.244746, 0.586263  
 150 , 5790.1871841 , 0.257357 , 0.243392, 0.276532, 0.241458, 0.586263  
 151 , 5818.85471296 , 0.257319 , 0.243392, 0.276532, 0.241458, 0.586263  
 152 , 5848.22171712 , 0.257065 , 0.243392, 0.276532, 0.241458, 0.586263  
 153 , 5877.65541101 , 0.257212 , 0.243392, 0.276532, 0.241458, 0.586263  
 154 , 5906.78129506 , 0.258654 , 0.243392, 0.276532, 0.241458, 0.586263  
 155 , 5977.00125003 , 0.257237 , 0.243392, 0.276532, 0.241321, 0.586263  
 156 , 6006.65651608 , 0.258749 , 0.243392, 0.276532, 0.241321, 0.586263  
 157 , 6035.8818171 , 0.259836 , 0.243392, 0.276532, 0.241321, 0.586263  
 158 , 6064.50445414 , 0.256605 , 0.243392, 0.276532, 0.241321, 0.586263  
 159 , 6094.70098305 , 0.258034 , 0.243392, 0.276532, 0.241321, 0.586263  
 160 , 6164.73510098 , 0.259982 , 0.243392, 0.276532, 0.245841, 0.586263  
 161 , 6194.02743506 , 0.26181 , 0.243392, 0.276532, 0.245841, 0.586263  
 162 , 6222.60754299 , 0.259158 , 0.243392, 0.276532, 0.245841, 0.586263  
 163 , 6252.19641304 , 0.260124 , 0.243392, 0.276532, 0.245841, 0.586263  
 164 , 6282.001688 , 0.255416 , 0.243392, 0.276532, 0.245841, 0.586263  
 165 , 6351.93996 , 0.261435 , 0.243392, 0.276532, 0.247189, 0.586263  
 166 , 6381.29977703 , 0.259335 , 0.243392, 0.276532, 0.247189, 0.586263  
 167 , 6409.8594811 , 0.257273 , 0.243392, 0.276532, 0.247189, 0.586263  
 168 , 6439.63583899 , 0.257937 , 0.243392, 0.276532, 0.247189, 0.586263  
 169 , 6469.35482907 , 0.257518 , 0.243392, 0.276532, 0.247189, 0.586263  
 170 , 6539.64676499 , 0.257488 , 0.243392, 0.276532, 0.242671, 0.586263  
 171 , 6568.92375612 , 0.259643 , 0.243392, 0.276532, 0.242671, 0.586263  
 172 , 6597.47721601 , 0.259585 , 0.243392, 0.276532, 0.242671, 0.586263  
 173 , 6627.11152005 , 0.257653 , 0.243392, 0.276532, 0.242671, 0.586263  
 174 , 6656.23730803 , 0.257735 , 0.243392, 0.276532, 0.242671, 0.586263  
 175 , 6728.54130912 , 0.256524 , 0.243392, 0.276532, 0.241517, 0.586263  
 176 , 6758.23179102 , 0.255501 , 0.243392, 0.276532, 0.241517, 0.586263  
 177 , 6787.63674903 , 0.255309 , 0.243392, 0.276532, 0.241517, 0.586263  
 178 , 6816.31056118 , 0.255751 , 0.243392, 0.276532, 0.241517, 0.586263  
 179 , 6846.44128299 , 0.255888 , 0.243392, 0.276532, 0.241517, 0.586263  
 180 , 6916.33905196 , 0.260033 , 0.243392, 0.276532, 0.245418, 0.586263  
 181 , 6945.72962713 , 0.255556 , 0.243392, 0.276532, 0.245418, 0.586263  
 182 , 6974.21299505 , 0.261587 , 0.243392, 0.276532, 0.245418, 0.586263  
 183 , 7003.86074805 , 0.253803 , 0.243392, 0.276532, 0.245418, 0.586263  
 184 , 7033.73632717 , 0.259297 , 0.243392, 0.276532, 0.245418, 0.586263  
 185 , 7103.78747702 , 0.255515 , 0.243392, 0.276532, 0.240447, 0.586263  
 186 , 7132.31592798 , 0.256995 , 0.243392, 0.276532, 0.240447, 0.586263  
 187 , 7162.01175714 , 0.25517 , 0.243392, 0.276532, 0.240447, 0.586263  
 188 , 7191.37186599 , 0.259659 , 0.243392, 0.276532, 0.240447, 0.586263  
 189 , 7220.53647304 , 0.254806 , 0.243392, 0.276532, 0.240447, 0.586263  
 190 , 7291.02007914 , 0.259276 , 0.243392, 0.276532, 0.245312, 0.586263  
 191 , 7320.49273205 , 0.257439 , 0.243392, 0.276532, 0.245312, 0.586263  
 192 , 7349.75451398 , 0.257098 , 0.243392, 0.276532, 0.245312, 0.586263  
 193 , 7378.32855916 , 0.255117 , 0.243392, 0.276532, 0.245312, 0.586263  
 194 , 7408.39371204 , 0.260527 , 0.243392, 0.276532, 0.245312, 0.586263  
 195 , 7478.27712297 , 0.256828 , 0.243392, 0.276532, 0.242583, 0.586263  
 196 , 7507.68436909 , 0.258257 , 0.243392, 0.276532, 0.242583, 0.586263  
 197 , 7536.29729605 , 0.261539 , 0.243392, 0.276532, 0.242583, 0.586263  
 198 , 7565.97196507 , 0.258674 , 0.243392, 0.276532, 0.242583, 0.586263  
 199 , 7595.53003216 , 0.26223 , 0.243392, 0.276532, 0.242583, 0.586263  
 200 , 7665.4462111 , 0.261206 , 0.243392, 0.276532, 0.246086, 0.586263  
 201 , 7694.69138813 , 0.256408 , 0.243392, 0.276532, 0.246086, 0.586263  
 202 , 7723.30202103 , 0.251541 , 0.243392, 0.276532, 0.246086, 0.586263  
 203 , 7753.27747202 , 0.255007 , 0.243392, 0.276532, 0.246086, 0.586263  
 204 , 7783.02889895 , 0.25688 , 0.243392, 0.276532, 0.246086, 0.586263  
 205 , 7852.99282598 , 0.256258 , 0.243392, 0.276532, 0.243542, 0.586263  
 206 , 7882.24713707 , 0.254709 , 0.243392, 0.276532, 0.243542, 0.586263  
 207 , 7910.74469805 , 0.25674 , 0.243392, 0.276532, 0.243542, 0.586263  
 208 , 7940.24014902 , 0.25694 , 0.243392, 0.276532, 0.243542, 0.586263  
 209 , 7969.44464707 , 0.256725 , 0.243392, 0.276532, 0.243542, 0.586263  
 210 , 8040.24935007 , 0.258437 , 0.243392, 0.276532, 0.244961, 0.586263  
 211 , 8068.68033314 , 0.257343 , 0.243392, 0.276532, 0.244961, 0.586263  
 212 , 8098.23905301 , 0.25751 , 0.243392, 0.276532, 0.244961, 0.586263  
 213 , 8126.933465 , 0.257483 , 0.243392, 0.276532, 0.244961, 0.586263  
 214 , 8157.14886403 , 0.256819 , 0.243392, 0.276532, 0.244961, 0.586263  
 215 , 8226.88949895 , 0.261768 , 0.243392, 0.276532, 0.246474, 0.586263  
 216 , 8255.85099316 , 0.257304 , 0.243392, 0.276532, 0.246474, 0.586263  
 217 , 8284.37193298 , 0.258527 , 0.243392, 0.276532, 0.246474, 0.586263  
 218 , 8314.12427807 , 0.256376 , 0.243392, 0.276532, 0.246474, 0.586263  
 219 , 8344.05661607 , 0.256911 , 0.243392, 0.276532, 0.246474, 0.586263  
 220 , 8413.93070197 , 0.253932 , 0.243392, 0.276532, 0.240328, 0.586263  
 221 , 8442.53246903 , 0.257954 , 0.243392, 0.276532, 0.240328, 0.586263  
 222 , 8472.03525114 , 0.254477 , 0.243392, 0.276532, 0.240328, 0.586263  
 223 , 8501.457551 , 0.261173 , 0.243392, 0.276532, 0.240328, 0.586263  
 224 , 8530.67763495 , 0.259678 , 0.243392, 0.276532, 0.240328, 0.586263  
 225 , 8600.92839718 , 0.257649 , 0.243392, 0.276532, 0.24373, 0.586263  
 226 , 8630.46135998 , 0.258831 , 0.243392, 0.276532, 0.24373, 0.586263  
 227 , 8659.6890521 , 0.260999 , 0.243392, 0.276532, 0.24373, 0.586263  
 228 , 8688.21033597 , 0.256769 , 0.243392, 0.276532, 0.24373, 0.586263  
 229 , 8718.38186502 , 0.257276 , 0.243392, 0.276532, 0.24373, 0.586263  
 230 , 8788.31484699 , 0.257469 , 0.243392, 0.276532, 0.242896, 0.586263  
 231 , 8817.58067107 , 0.261252 , 0.243392, 0.276532, 0.242896, 0.586263  
 232 , 8846.06710815 , 0.255422 , 0.243392, 0.276532, 0.242896, 0.586263  
 233 , 8875.75710607 , 0.256949 , 0.243392, 0.276532, 0.242896, 0.586263  
 234 , 8905.56240606 , 0.255898 , 0.243392, 0.276532, 0.242896, 0.586263  
 235 , 8975.65787506 , 0.258693 , 0.243392, 0.276532, 0.24452, 0.586263  
 236 , 9004.98190403 , 0.261837 , 0.243392, 0.276532, 0.24452, 0.586263  
 237 , 9033.74828601 , 0.253841 , 0.243392, 0.276532, 0.24452, 0.586263  
 238 , 9063.47882414 , 0.258749 , 0.243392, 0.276532, 0.24452, 0.586263  
 239 , 9093.41034412 , 0.25842 , 0.243392, 0.276532, 0.24452, 0.586263  
 240 , 9163.47294307 , 0.258604 , 0.243392, 0.276532, 0.244648, 0.586263  
 241 , 9192.775491 , 0.25675 , 0.243392, 0.276532, 0.244648, 0.586263  
 242 , 9221.41972899 , 0.25818 , 0.243392, 0.276532, 0.244648, 0.586263  
 243 , 9251.05288005 , 0.258815 , 0.243392, 0.276532, 0.244648, 0.586263  
 244 , 9280.21014595 , 0.258813 , 0.243392, 0.276532, 0.244648, 0.586263  
 245 , 9351.20216513 , 0.25793 , 0.243392, 0.276532, 0.243006, 0.586263  
 246 , 9379.74239612 , 0.259229 , 0.243392, 0.276532, 0.243006, 0.586263  
 247 , 9409.2616961 , 0.257275 , 0.243392, 0.276532, 0.243006, 0.586263  
 248 , 9438.01681113 , 0.255161 , 0.243392, 0.276532, 0.243006, 0.586263  
 249 , 9468.15020895 , 0.254921 , 0.243392, 0.276532, 0.243006, 0.586263  
 250 , 9538.03742695 , 0.258734 , 0.243392, 0.276532, 0.244929, 0.586263  
 251 , 9567.38864303 , 0.256867 , 0.243392, 0.276532, 0.244929, 0.586263  
 252 , 9595.94630098 , 0.258629 , 0.243392, 0.276532, 0.244929, 0.586263  
 253 , 9625.78208804 , 0.25993 , 0.243392, 0.276532, 0.244929, 0.586263  
 254 , 9655.52917504 , 0.260193 , 0.243392, 0.276532, 0.244929, 0.586263  
 255 , 9725.43579412 , 0.254601 , 0.243392, 0.276532, 0.238997, 0.586263  
 256 , 9754.04856801 , 0.257469 , 0.243392, 0.276532, 0.238997, 0.586263  
 257 , 9783.83943796 , 0.257612 , 0.243392, 0.276532, 0.238997, 0.586263  
 258 , 9813.19241214 , 0.258371 , 0.243392, 0.276532, 0.238997, 0.586263  
 259 , 9842.28977609 , 0.256849 , 0.243392, 0.276532, 0.238997, 0.586263  
 260 , 9912.6796 , 0.259704 , 0.243392, 0.276532, 0.245571, 0.586263  
 261 , 9942.44081998 , 0.257298 , 0.243392, 0.276532, 0.245571, 0.586263  
 262 , 9971.90008116 , 0.255553 , 0.243392, 0.276532, 0.245571, 0.586263  
 263 , 10000.5457151 , 0.258818 , 0.243392, 0.276532, 0.245571, 0.586263  
 264 , 10030.8571692 , 0.258499 , 0.243392, 0.276532, 0.245571, 0.586263  
 265 , 10100.9161351 , 0.259311 , 0.243392, 0.276532, 0.244565, 0.586263  
 266 , 10130.3979151 , 0.258663 , 0.243392, 0.276532, 0.244565, 0.586263  
 267 , 10159.183424 , 0.257567 , 0.243392, 0.276532, 0.244565, 0.586263  
 268 , 10188.8460541 , 0.257417 , 0.243392, 0.276532, 0.244565, 0.586263  
 269 , 10218.7716432 , 0.259513 , 0.243392, 0.276532, 0.244565, 0.586263  
 270 , 10288.9428041 , 0.260663 , 0.243392, 0.276532, 0.246645, 0.586263  
 271 , 10318.1628251 , 0.256175 , 0.243392, 0.276532, 0.246645, 0.586263  
 272 , 10346.979696 , 0.253058 , 0.243392, 0.276532, 0.246645, 0.586263  
 273 , 10376.5077231 , 0.256396 , 0.243392, 0.276532, 0.246645, 0.586263  
 274 , 10406.090404 , 0.260333 , 0.243392, 0.276532, 0.246645, 0.586263  
 275 , 10476.18766 , 0.255119 , 0.243392, 0.276532, 0.239857, 0.586263  
 276 , 10505.4611111 , 0.256279 , 0.243392, 0.276532, 0.239857, 0.586263  
 277 , 10533.9093471 , 0.258768 , 0.243392, 0.276532, 0.239857, 0.586263  
 278 , 10563.554939 , 0.260322 , 0.243392, 0.276532, 0.239857, 0.586263  
 279 , 10592.824621 , 0.260168 , 0.243392, 0.276532, 0.239857, 0.586263  
 280 , 10663.982707 , 0.258195 , 0.243392, 0.276532, 0.24431, 0.586263  
 281 , 10692.519495 , 0.258144 , 0.243392, 0.276532, 0.24431, 0.586263  
 282 , 10722.076045 , 0.256807 , 0.243392, 0.276532, 0.24431, 0.586263  
 283 , 10750.6503642 , 0.256408 , 0.243392, 0.276532, 0.24431, 0.586263  
 284 , 10780.7993982 , 0.258707 , 0.243392, 0.276532, 0.24431, 0.586263  
 285 , 10851.0912142 , 0.255733 , 0.243392, 0.276532, 0.241835, 0.586263  
 286 , 10880.534333 , 0.259598 , 0.243392, 0.276532, 0.241835, 0.586263  
 287 , 10909.244067 , 0.254701 , 0.243392, 0.276532, 0.241835, 0.586263  
 288 , 10938.9233041 , 0.258503 , 0.243392, 0.276532, 0.241835, 0.586263  
 289 , 10968.90576 , 0.257751 , 0.243392, 0.276532, 0.241835, 0.586263  
 290 , 11039.004457 , 0.256146 , 0.243392, 0.276532, 0.24212, 0.586263  
 291 , 11067.6382391 , 0.255349 , 0.243392, 0.276532, 0.24212, 0.586263  
 292 , 11097.2906981 , 0.254859 , 0.243392, 0.276532, 0.24212, 0.586263  
 293 , 11126.7535021 , 0.255569 , 0.243392, 0.276532, 0.24212, 0.586263  
 294 , 11155.975987 , 0.258148 , 0.243392, 0.276532, 0.24212, 0.586263  
 295 , 11226.03315 , 0.258762 , 0.243392, 0.276532, 0.2444, 0.586263  
 296 , 11255.8066471 , 0.25812 , 0.243392, 0.276532, 0.2444, 0.586263  
 297 , 11285.135184 , 0.257626 , 0.243392, 0.276532, 0.2444, 0.586263  
 298 , 11313.6728101 , 0.257698 , 0.243392, 0.276532, 0.2444, 0.586263  
 299 , 11343.9533851 , 0.257683 , 0.243392, 0.276532, 0.2444, 0.586263  
 300 , 11413.920815 , 0.255593 , 0.243392, 0.276532, 0.24152, 0.586263  
 301 , 11443.336741 , 0.260211 , 0.243392, 0.276532, 0.24152, 0.586263  
 302 , 11471.9389322 , 0.257277 , 0.243392, 0.276532, 0.24152, 0.586263  
 303 , 11501.5679231 , 0.256855 , 0.243392, 0.276532, 0.24152, 0.586263  
 304 , 11531.245028 , 0.257082 , 0.243392, 0.276532, 0.24152, 0.586263  
 305 , 11600.929894 , 0.257745 , 0.243392, 0.276532, 0.243059, 0.586263  
 306 , 11630.356298 , 0.260378 , 0.243392, 0.276532, 0.243059, 0.586263  
 307 , 11658.8710032 , 0.258774 , 0.243392, 0.276532, 0.243059, 0.586263  
 308 , 11688.5886431 , 0.257284 , 0.243392, 0.276532, 0.243059, 0.586263  
 309 , 11718.385247 , 0.255768 , 0.243392, 0.276532, 0.243059, 0.586263  
 310 , 11788.2589161 , 0.255863 , 0.243392, 0.276532, 0.240887, 0.586263  
 311 , 11817.4813771 , 0.254777 , 0.243392, 0.276532, 0.240887, 0.586263  
 312 , 11845.953402 , 0.258582 , 0.243392, 0.276532, 0.240887, 0.586263  
 313 , 11875.6576641 , 0.257648 , 0.243392, 0.276532, 0.240887, 0.586263  
 314 , 11905.0278702 , 0.259413 , 0.243392, 0.276532, 0.240887, 0.586263  
 315 , 11976.0634232 , 0.259813 , 0.243392, 0.276532, 0.244704, 0.586263  
 316 , 12004.8375401 , 0.256543 , 0.243392, 0.276532, 0.244704, 0.586263  
 317 , 12034.4916351 , 0.258178 , 0.243392, 0.276532, 0.244704, 0.586263  
 318 , 12063.1884551 , 0.257865 , 0.243392, 0.276532, 0.244704, 0.586263  
 319 , 12093.5474401 , 0.260185 , 0.243392, 0.276532, 0.244704, 0.586263  
 320 , 12163.96017 , 0.255949 , 0.243392, 0.276532, 0.241477, 0.586263  
 321 , 12193.4217801 , 0.258122 , 0.243392, 0.276532, 0.241477, 0.586263  
 322 , 12221.9964471 , 0.257751 , 0.243392, 0.276532, 0.241477, 0.586263  
 323 , 12251.64364 , 0.255127 , 0.243392, 0.276532, 0.241477, 0.586263  
 324 , 12281.4371381 , 0.257482 , 0.243392, 0.276532, 0.241477, 0.586263  
 325 , 12351.322264 , 0.257026 , 0.243392, 0.276532, 0.243379, 0.586263  
 326 , 12379.9132302 , 0.257827 , 0.243392, 0.276532, 0.243379, 0.586263  
 327 , 12409.2348151 , 0.255711 , 0.243392, 0.276532, 0.243379, 0.586263  
 328 , 12438.6477442 , 0.259926 , 0.243392, 0.276532, 0.243379, 0.586263  
 329 , 12467.801332 , 0.258491 , 0.243392, 0.276532, 0.243379, 0.586263  
 330 , 12538.0398421 , 0.263722 , 0.243392, 0.276532, 0.249274, 0.586263  
 331 , 12568.6020072 , 0.258786 , 0.243392, 0.276532, 0.249274, 0.586263  
 332 , 12598.0395401 , 0.257489 , 0.243392, 0.276532, 0.249274, 0.586263  
 333 , 12626.5951772 , 0.259089 , 0.243392, 0.276532, 0.249274, 0.586263  
 334 , 12656.9588771 , 0.260565 , 0.243392, 0.276532, 0.249274, 0.586263  
 335 , 12727.1348832 , 0.255993 , 0.243392, 0.276532, 0.241109, 0.586263  
 336 , 12756.5858011 , 0.25781 , 0.243392, 0.276532, 0.241109, 0.586263  
 337 , 12785.2030852 , 0.253613 , 0.243392, 0.276532, 0.241109, 0.586263  
 338 , 12814.8943911 , 0.259557 , 0.243392, 0.276532, 0.241109, 0.586263  
 339 , 12844.5737622 , 0.258882 , 0.243392, 0.276532, 0.241109, 0.586263  
 340 , 12914.689152 , 0.258155 , 0.243392, 0.276532, 0.243272, 0.586263  
 341 , 12943.9779801 , 0.256127 , 0.243392, 0.276532, 0.243272, 0.586263  
 342 , 12972.5840781 , 0.25691 , 0.243392, 0.276532, 0.243272, 0.586263  
 343 , 13002.392391 , 0.25863 , 0.243392, 0.276532, 0.243272, 0.586263  
 344 , 13032.1800961 , 0.257733 , 0.243392, 0.276532, 0.243272, 0.586263  
 345 , 13102.3328412 , 0.253858 , 0.243392, 0.276532, 0.238233, 0.586263  
 346 , 13131.6368282 , 0.257133 , 0.243392, 0.276532, 0.238233, 0.586263  
 347 , 13160.1307371 , 0.258937 , 0.243392, 0.276532, 0.238233, 0.586263  
 348 , 13189.7142091 , 0.261384 , 0.243392, 0.276532, 0.238233, 0.586263  
 349 , 13218.901083 , 0.257429 , 0.243392, 0.276532, 0.238233, 0.586263  
 350 , 13289.54093 , 0.255931 , 0.243392, 0.276532, 0.240475, 0.586263  
 351 , 13318.39746 , 0.258338 , 0.243392, 0.276532, 0.240475, 0.586263  
 352 , 13348.1098261 , 0.256811 , 0.243392, 0.276532, 0.240475, 0.586263  
 353 , 13376.9559882 , 0.257692 , 0.243392, 0.276532, 0.240475, 0.586263  
 354 , 13407.0662961 , 0.261524 , 0.243392, 0.276532, 0.240475, 0.586263  
 355 , 13477.0938191 , 0.258053 , 0.243392, 0.276532, 0.244115, 0.586263  
 356 , 13506.572144 , 0.260237 , 0.243392, 0.276532, 0.244115, 0.586263  
 357 , 13535.174916 , 0.258701 , 0.243392, 0.276532, 0.244115, 0.586263  
 358 , 13564.989713 , 0.25972 , 0.243392, 0.276532, 0.244115, 0.586263  
 359 , 13594.869463 , 0.257054 , 0.243392, 0.276532, 0.244115, 0.586263  
 360 , 13665.010112 , 0.257125 , 0.243392, 0.276532, 0.243444, 0.586263  
 361 , 13693.7296309 , 0.260207 , 0.243392, 0.276532, 0.243444, 0.586263  
 362 , 13723.20438 , 0.257379 , 0.243392, 0.276532, 0.243444, 0.586263  
 363 , 13752.4893901 , 0.261817 , 0.243392, 0.276532, 0.243444, 0.586263  
 364 , 13781.7217321 , 0.259825 , 0.243392, 0.276532, 0.243444, 0.586263  
 365 , 13851.9825652 , 0.259531 , 0.243392, 0.276532, 0.245722, 0.586263  
 366 , 13881.579809 , 0.253128 , 0.243392, 0.276532, 0.245722, 0.586263  
 367 , 13910.7799411 , 0.260536 , 0.243392, 0.276532, 0.245722, 0.586263  
 368 , 13939.5710361 , 0.257221 , 0.243392, 0.276532, 0.245722, 0.586263  
 369 , 13969.281425 , 0.261072 , 0.243392, 0.276532, 0.245722, 0.586263  
 370 , 14039.216877 , 0.256743 , 0.243392, 0.276532, 0.242721, 0.586263  
 371 , 14068.446167 , 0.257052 , 0.243392, 0.276532, 0.242721, 0.586263  
 372 , 14096.973546 , 0.257257 , 0.243392, 0.276532, 0.242721, 0.586263  
 373 , 14126.547199 , 0.257622 , 0.243392, 0.276532, 0.242721, 0.586263  
 374 , 14156.298336 , 0.254475 , 0.243392, 0.276532, 0.242721, 0.586263  
 375 , 14226.4117961 , 0.254767 , 0.243392, 0.276532, 0.23995, 0.586263  
 376 , 14255.9003091 , 0.25671 , 0.243392, 0.276532, 0.23995, 0.586263  
 377 , 14284.5873191 , 0.259828 , 0.243392, 0.276532, 0.23995, 0.586263  
 378 , 14314.1856561 , 0.25717 , 0.243392, 0.276532, 0.23995, 0.586263  
 379 , 14343.946429 , 0.25839 , 0.243392, 0.276532, 0.23995, 0.586263  
 380 , 14413.8008749 , 0.25752 , 0.243392, 0.276532, 0.242436, 0.586263  
 381 , 14443.165328 , 0.260941 , 0.243392, 0.276532, 0.242436, 0.586263  
 382 , 14471.7658632 , 0.259768 , 0.243392, 0.276532, 0.242436, 0.586263  
 383 , 14501.410162 , 0.257195 , 0.243392, 0.276532, 0.242436, 0.586263  
 384 , 14530.7145481 , 0.259322 , 0.243392, 0.276532, 0.242436, 0.586263  
 385 , 14601.6433551 , 0.260869 , 0.243392, 0.276532, 0.24555, 0.586263  
 386 , 14630.2814472 , 0.260475 , 0.243392, 0.276532, 0.24555, 0.586263  
 387 , 14659.9543791 , 0.255524 , 0.243392, 0.276532, 0.24555, 0.586263  
 388 , 14688.4861112 , 0.260655 , 0.243392, 0.276532, 0.24555, 0.586263  
 389 , 14718.6654661 , 0.253085 , 0.243392, 0.276532, 0.24555, 0.586263  
 390 , 14788.528831 , 0.25747 , 0.243392, 0.276532, 0.24393, 0.586263  
 391 , 14817.8968771 , 0.257873 , 0.243392, 0.276532, 0.24393, 0.586263  
 392 , 14846.512141 , 0.257028 , 0.243392, 0.276532, 0.24393, 0.586263  
 393 , 14876.4518311 , 0.256253 , 0.243392, 0.276532, 0.24393, 0.586263  
 394 , 14906.199398 , 0.255555 , 0.243392, 0.276532, 0.24393, 0.586263  
 395 , 14976.4709392 , 0.255173 , 0.243392, 0.276532, 0.240375, 0.586263  
 396 , 15005.162318 , 0.254864 , 0.243392, 0.276532, 0.240375, 0.586263  
 397 , 15034.72455 , 0.253541 , 0.243392, 0.276532, 0.240375, 0.586263  
 398 , 15063.9824851 , 0.257122 , 0.243392, 0.276532, 0.240375, 0.586263  
 399 , 15093.07587 , 0.258667 , 0.243392, 0.276532, 0.240375, 0.586263  
 400 , 15163.384017 , 0.258144 , 0.243392, 0.276532, 0.24427, 0.586263  
 401 , 15193.2807891 , 0.257643 , 0.243392, 0.276532, 0.24427, 0.586263  
 402 , 15222.550406 , 0.256272 , 0.243392, 0.276532, 0.24427, 0.586263  
 403 , 15251.3009081 , 0.255943 , 0.243392, 0.276532, 0.24427, 0.586263  
 404 , 15281.438349 , 0.257709 , 0.243392, 0.276532, 0.24427, 0.586263  
 405 , 15351.314877 , 0.257041 , 0.243392, 0.276532, 0.241962, 0.586263  
 406 , 15380.6836262 , 0.255463 , 0.243392, 0.276532, 0.241962, 0.586263  
 407 , 15409.316061 , 0.258376 , 0.243392, 0.276532, 0.241962, 0.586263  
 408 , 15438.8535061 , 0.255936 , 0.243392, 0.276532, 0.241962, 0.586263  
 409 , 15468.552063 , 0.261051 , 0.243392, 0.276532, 0.241962, 0.586263  
 410 , 15538.3607171 , 0.258112 , 0.243392, 0.276532, 0.24369, 0.586263  
 411 , 15567.6201251 , 0.25504 , 0.243392, 0.276532, 0.24369, 0.586263  
 412 , 15596.1918271 , 0.255466 , 0.243392, 0.276532, 0.24369, 0.586263  
 413 , 15626.104656 , 0.258577 , 0.243392, 0.276532, 0.24369, 0.586263  
 414 , 15655.9535182 , 0.257212 , 0.243392, 0.276532, 0.24369, 0.586263  
 415 , 15727.1759632 , 0.25952 , 0.243392, 0.276532, 0.245587, 0.586263  
 416 , 15756.8329282 , 0.261185 , 0.243392, 0.276532, 0.245587, 0.586263  
 417 , 15785.8131142 , 0.254634 , 0.243392, 0.276532, 0.245587, 0.586263  
 418 , 15815.502054 , 0.257826 , 0.243392, 0.276532, 0.245587, 0.586263  
 419 , 15844.6255522 , 0.256376 , 0.243392, 0.276532, 0.245587, 0.586263  
 420 , 15915.521615 , 0.258912 , 0.243392, 0.276532, 0.244685, 0.586263  
 421 , 15943.973989 , 0.258049 , 0.243392, 0.276532, 0.244685, 0.586263  
 422 , 15973.471782 , 0.259702 , 0.243392, 0.276532, 0.244685, 0.586263  
 423 , 16002.1313682 , 0.257735 , 0.243392, 0.276532, 0.244685, 0.586263  
 424 , 16032.27525 , 0.255239 , 0.243392, 0.276532, 0.244685, 0.586263  
 425 , 16102.1989331 , 0.25441 , 0.243392, 0.276532, 0.23921, 0.586263  
 426 , 16131.5325871 , 0.258712 , 0.243392, 0.276532, 0.23921, 0.586263  
 427 , 16160.2591372 , 0.259658 , 0.243392, 0.276532, 0.23921, 0.586263  
 428 , 16189.902514 , 0.258645 , 0.243392, 0.276532, 0.23921, 0.586263  
 429 , 16219.809576 , 0.259319 , 0.243392, 0.276532, 0.23921, 0.586263  
 430 , 16289.9246461 , 0.255535 , 0.243392, 0.276532, 0.240542, 0.586263  
 431 , 16318.7664912 , 0.257776 , 0.243392, 0.276532, 0.240542, 0.586263  
 432 , 16348.23367 , 0.255765 , 0.243392, 0.276532, 0.240542, 0.586263  
 433 , 16377.6535051 , 0.259371 , 0.243392, 0.276532, 0.240542, 0.586263  
 434 , 16406.852561 , 0.259045 , 0.243392, 0.276532, 0.240542, 0.586263  
 435 , 16477.025965 , 0.254711 , 0.243392, 0.276532, 0.240209, 0.586263  
 436 , 16506.7125242 , 0.258646 , 0.243392, 0.276532, 0.240209, 0.586263  
 437 , 16535.9864981 , 0.255432 , 0.243392, 0.276532, 0.240209, 0.586263  
 438 , 16564.4953279 , 0.255605 , 0.243392, 0.276532, 0.240209, 0.586263  
 439 , 16594.718761 , 0.258858 , 0.243392, 0.276532, 0.240209, 0.586263  
 440 , 16664.690475 , 0.261027 , 0.243392, 0.276532, 0.247676, 0.586263  
 441 , 16694.1258352 , 0.262988 , 0.243392, 0.276532, 0.247676, 0.586263  
 442 , 16722.829828 , 0.255164 , 0.243392, 0.276532, 0.247676, 0.586263  
 443 , 16752.5790601 , 0.258108 , 0.243392, 0.276532, 0.247676, 0.586263  
 444 , 16782.5151091 , 0.258663 , 0.243392, 0.276532, 0.247676, 0.586263  
 445 , 16852.4183381 , 0.255546 , 0.243392, 0.276532, 0.24141, 0.586263  
 446 , 16881.725266 , 0.25613 , 0.243392, 0.276532, 0.24141, 0.586263  
 447 , 16910.4050181 , 0.260323 , 0.243392, 0.276532, 0.24141, 0.586263  
 448 , 16940.2259681 , 0.258853 , 0.243392, 0.276532, 0.24141, 0.586263  
 449 , 16969.9254901 , 0.256024 , 0.243392, 0.276532, 0.24141, 0.586263  
 450 , 17039.826664 , 0.258682 , 0.243392, 0.276532, 0.243868, 0.586263  
 451 , 17069.1559491 , 0.258334 , 0.243392, 0.276532, 0.243868, 0.586263  
 452 , 17097.738806 , 0.257269 , 0.243392, 0.276532, 0.243868, 0.586263  
 453 , 17127.344758 , 0.258611 , 0.243392, 0.276532, 0.243868, 0.586263  
 454 , 17156.6703122 , 0.25502 , 0.243392, 0.276532, 0.243868, 0.586263  
 455 , 17227.778142 , 0.25613 , 0.243392, 0.276532, 0.241835, 0.586263  
 456 , 17256.5466521 , 0.259517 , 0.243392, 0.276532, 0.241835, 0.586263  
 457 , 17286.1063581 , 0.255454 , 0.243392, 0.276532, 0.241835, 0.586263  
 458 , 17314.812367 , 0.25834 , 0.243392, 0.276532, 0.241835, 0.586263  
 459 , 17345.2211461 , 0.258703 , 0.243392, 0.276532, 0.241835, 0.586263  
 460 , 17415.2910562 , 0.259518 , 0.243392, 0.276532, 0.245734, 0.586263  
 461 , 17444.801295 , 0.253505 , 0.243392, 0.276532, 0.245734, 0.586263  
 462 , 17473.455214 , 0.260654 , 0.243392, 0.276532, 0.245734, 0.586263  
 463 , 17503.4827771 , 0.259992 , 0.243392, 0.276532, 0.245734, 0.586263  
 464 , 17533.7383091 , 0.256668 , 0.243392, 0.276532, 0.245734, 0.586263  
 465 , 17603.6375592 , 0.255499 , 0.243392, 0.276532, 0.241109, 0.586263  
 466 , 17632.1470921 , 0.25953 , 0.243392, 0.276532, 0.241109, 0.586263  
 467 , 17661.5828631 , 0.257999 , 0.243392, 0.276532, 0.241109, 0.586263  
 468 , 17690.8558211 , 0.261384 , 0.243392, 0.276532, 0.241109, 0.586263  
 469 , 17720.0715442 , 0.259263 , 0.243392, 0.276532, 0.241109, 0.586263  
 470 , 17791.0333362 , 0.258103 , 0.243392, 0.276532, 0.242603, 0.586263  
