#wRandFlip 
#The training is running for 1000 chunks, each with 1008 images. That are about 17 epochs. The validation sample contains 3078 images. 
#round  ,time, mean_train_loss , mean_valid_loss 
#  starting learning rate to 0.020000 
 1 , 63.1270239353 , 0.355058 , 0.0, 0.0 
 2 , 98.6564400196 , 2.82205 , 0.0, 0.0 
 3 , 135.69957304 , 2.83415 , 0.0, 0.0 
 4 , 171.324575901 , 2.79309 , 0.0, 0.0 
#Free GPU Mem after validation step 544.1875 MiB 
 5 , 268.715518951 , 2.77883 , 0.0, 0.0 
 6 , 305.819730043 , 2.77581 , 0.0, 0.0 
 7 , 342.397968054 , 2.81514 , 0.417054, 2.80348 
 8 , 379.831662893 , 2.79223 , 0.417054, 2.80348 
 9 , 413.051079988 , 2.78877 , 0.417054, 2.80348 
 10 , 507.369504929 , 2.78445 , 0.417054, 2.80348 
 11 , 540.266138077 , 2.77883 , 0.417054, 2.80348 
 12 , 574.216022015 , 2.79223 , 0.417054, 2.80348 
 13 , 610.196938992 , 2.78272 , 0.417054, 2.80348 
 14 , 643.022288084 , 2.78661 , 0.417054, 2.80348 
 15 , 735.064375877 , 2.8294 , 0.417054, 2.80348 
 16 , 768.105314016 , 2.80001 , 0.417054, 2.80348 
 17 , 801.50127697 , 2.78791 , 0.417054, 2.80348 
 18 , 835.918621063 , 2.80044 , 0.417054, 2.80348 
 19 , 871.067120075 , 2.81168 , 0.417054, 2.80348 
 20 , 962.070285082 , 2.77322 , 0.417054, 2.80348 
 21 , 995.063862085 , 2.80952 , 0.417054, 2.80348 
 22 , 1028.39199591 , 2.81297 , 0.417054, 2.80348 
 23 , 1062.69652104 , 2.816 , 0.417054, 2.80348 
 24 , 1098.09963799 , 2.80347 , 0.417054, 2.80348 
 25 , 1189.67678499 , 2.80476 , 0.417054, 2.80348 
 26 , 1224.57278299 , 2.79526 , 0.417054, 2.80348 
 27 , 1258.35497093 , 2.80044 , 0.417054, 2.80348 
 28 , 1291.40702891 , 2.79439 , 0.417054, 2.80348 
 29 , 1325.58724594 , 2.79309 , 0.417054, 2.80348 
 30 , 1415.38812304 , 2.79396 , 0.417054, 2.80348 
 31 , 1451.62968397 , 2.77322 , 0.417054, 2.80348 
 32 , 1487.61030006 , 2.77624 , 0.417054, 2.80348 
 33 , 1532.29259586 , 2.78575 , 0.417054, 2.80348 
 34 , 1565.67032695 , 2.8281 , 0.417054, 2.80348 
 35 , 1657.98008394 , 2.7529 , 0.417054, 2.80348 
 36 , 1695.18351102 , 2.79526 , 0.417054, 2.80348 
 37 , 1730.251616 , 2.81081 , 0.417054, 2.80348 
 38 , 1765.52792406 , 2.79742 , 0.417054, 2.80348 
 39 , 1799.50990486 , 2.7918 , 0.417054, 2.80348 
 40 , 1890.02142286 , 2.78834 , 0.417054, 2.80348 
 41 , 1925.65573692 , 2.84798 , 0.417054, 2.80348 
 42 , 1958.76340294 , 2.80044 , 0.417054, 2.80348 
 43 , 1991.87750793 , 2.78359 , 0.417054, 2.80348 
 44 , 2024.82397389 , 2.82335 , 0.417054, 2.80348 
 45 , 2116.47820187 , 2.79526 , 0.417054, 2.80348 
 46 , 2151.54047394 , 2.7918 , 0.417054, 2.80348 
 47 , 2184.88535404 , 2.80174 , 0.417054, 2.80348 
 48 , 2218.59419894 , 2.80692 , 0.417054, 2.80348 
 49 , 2252.14455199 , 2.79915 , 0.417054, 2.80348 
 50 , 2341.52093196 , 2.77797 , 0.417054, 2.80348 
 51 , 2375.12275791 , 2.74945 , 0.417054, 2.80348 
 52 , 2409.43919587 , 2.79526 , 0.417054, 2.80348 
 53 , 2444.120646 , 2.80087 , 0.417054, 2.80348 
 54 , 2477.88463306 , 2.79266 , 0.417054, 2.80348 
 55 , 2569.390306 , 2.76284 , 0.417054, 2.80348 
 56 , 2604.69787598 , 2.82248 , 0.417054, 2.80348 
 57 , 2640.1664989 , 2.80606 , 0.417054, 2.80348 
 58 , 2673.56608987 , 2.79223 , 0.417054, 2.80348 
 59 , 2706.47230601 , 2.80131 , 0.417054, 2.80348 
 60 , 2795.70815086 , 2.80736 , 0.417054, 2.80348 
 61 , 2829.88693404 , 2.80044 , 0.417054, 2.80348 
 62 , 2866.18644905 , 2.75895 , 0.417054, 2.80348 
 63 , 2902.10534286 , 2.79309 , 0.417054, 2.80348 
 64 , 2936.54242301 , 2.77192 , 0.417054, 2.80348 
 65 , 3031.23781109 , 2.76328 , 0.417054, 2.80348 
 66 , 3067.26701188 , 2.79266 , 0.417054, 2.80348 
 67 , 3101.32623696 , 2.79396 , 0.417054, 2.80348 
 68 , 3134.41181898 , 2.8039 , 0.417054, 2.80348 
 69 , 3167.38184786 , 2.75766 , 0.417054, 2.80348 
 70 , 3257.57534409 , 2.79828 , 0.417054, 2.80348 
 71 , 3293.52928686 , 2.77797 , 0.417054, 2.80348 
 72 , 3327.38043809 , 2.78834 , 0.417054, 2.80348 
 73 , 3360.57626987 , 2.78618 , 0.417054, 2.80348 
 74 , 3394.86247087 , 2.76716 , 0.417054, 2.80348 
 75 , 3487.26072788 , 2.79742 , 0.417054, 2.80348 
 76 , 3521.53133202 , 2.84668 , 0.417054, 2.80348 
 77 , 3554.616745 , 2.79093 , 0.417054, 2.80348 
 78 , 3589.75550294 , 2.83934 , 0.417054, 2.80348 
 79 , 3624.65874004 , 2.79612 , 0.417054, 2.80348 
 80 , 3715.16928792 , 2.78532 , 0.417054, 2.80348 
 81 , 3748.11329699 , 2.81859 , 0.417054, 2.80348 
 82 , 3780.98697495 , 2.76933 , 0.417054, 2.80348 
 83 , 3814.09385705 , 2.80908 , 0.417054, 2.80348 
 84 , 3847.14109302 , 2.80952 , 0.417054, 2.80348 
 85 , 3940.521276 , 2.83372 , 0.417054, 2.80348 
 86 , 3974.61664605 , 2.80347 , 0.417054, 2.80348 
 87 , 4009.61912704 , 2.78229 , 0.417054, 2.80348 
 88 , 4043.65582895 , 2.80563 , 0.417054, 2.80348 
 89 , 4077.81878805 , 2.81297 , 0.417054, 2.80348 
 90 , 4169.07136393 , 2.79785 , 0.417054, 2.80348 
 91 , 4203.24440193 , 2.78704 , 0.417054, 2.80348 
 92 , 4236.90998602 , 2.75852 , 0.417054, 2.80348 
 93 , 4270.74701786 , 2.81341 , 0.417054, 2.80348 
 94 , 4304.43219209 , 2.78618 , 0.417054, 2.80348 
 95 , 4396.93613601 , 2.80563 , 0.417054, 2.80348 
 96 , 4432.47925687 , 2.76414 , 0.417054, 2.80348 
 97 , 4467.31650901 , 2.79526 , 0.417054, 2.80348 
 98 , 4501.13146305 , 2.81773 , 0.417054, 2.80348 
 99 , 4536.56006289 , 2.79439 , 0.417054, 2.80348 
 100 , 4628.93192196 , 2.78618 , 0.417054, 2.80348 
 101 , 4663.25862598 , 2.79698 , 0.417054, 2.80348 
 102 , 4697.44441295 , 2.765 , 0.417054, 2.80348 
 103 , 4731.75666094 , 2.82983 , 0.417054, 2.80348 
 104 , 4766.32967305 , 2.79309 , 0.417054, 2.80348 
 105 , 4861.50598788 , 2.81038 , 0.417054, 2.80348 
 106 , 4896.90974092 , 2.78402 , 0.417054, 2.80348 
 107 , 4931.90395904 , 2.77538 , 0.417054, 2.80348 
 108 , 4966.45528388 , 2.76587 , 0.417054, 2.80348 
 109 , 5002.17628407 , 2.78229 , 0.417054, 2.80348 
 110 , 5092.34207702 , 2.82119 , 0.417054, 2.80348 
 111 , 5126.43954492 , 2.76068 , 0.417054, 2.80348 
 112 , 5162.87297106 , 2.80433 , 0.417054, 2.80348 
 113 , 5200.01187086 , 2.83631 , 0.417054, 2.80348 
 114 , 5237.52719688 , 2.80865 , 0.417054, 2.80348 
 115 , 5335.70226502 , 2.81038 , 0.417054, 2.80348 
 116 , 5372.85124588 , 2.79785 , 0.417054, 2.80348 
 117 , 5408.69076896 , 2.80174 , 0.417054, 2.80348 
 118 , 5443.19322991 , 2.80865 , 0.417054, 2.80348 
 119 , 5477.11652994 , 2.79223 , 0.417054, 2.80348 
 120 , 5572.55420899 , 2.78445 , 0.417054, 2.80348 
 121 , 5607.68296003 , 2.82378 , 0.417054, 2.80348 
 122 , 5642.07770801 , 2.78445 , 0.417054, 2.80348 
 123 , 5675.43692899 , 2.78099 , 0.417054, 2.80348 
 124 , 5709.16712308 , 2.77278 , 0.417054, 2.80348 
 125 , 5804.0073719 , 2.79093 , 0.417054, 2.80348 
 126 , 5839.18875003 , 2.80044 , 0.417054, 2.80348 
 127 , 5875.37242198 , 2.83069 , 0.417054, 2.80348 
 128 , 5910.63337207 , 2.77927 , 0.417054, 2.80348 
 129 , 5945.79233289 , 2.80001 , 0.417054, 2.80348 
 130 , 6040.49188304 , 2.78877 , 0.417054, 2.80348 
 131 , 6076.20845699 , 2.83113 , 0.417054, 2.80348 
 132 , 6109.93633103 , 2.79655 , 0.417054, 2.80348 
 133 , 6144.5940299 , 2.79655 , 0.417054, 2.80348 
 134 , 6182.39815688 , 2.79137 , 0.417054, 2.80348 
 135 , 6278.22985196 , 2.83847 , 0.417054, 2.80348 
 136 , 6313.01766992 , 2.76025 , 0.417054, 2.80348 
 137 , 6348.98362088 , 2.78359 , 0.417054, 2.80348 
 138 , 6383.17688298 , 2.78877 , 0.417054, 2.80348 
 139 , 6417.149369 , 2.76414 , 0.417054, 2.80348 
 140 , 6512.92924595 , 2.79439 , 0.417054, 2.80348 
 141 , 6550.81605601 , 2.82637 , 0.417054, 2.80348 
 142 , 6585.91454005 , 2.80606 , 0.417054, 2.80348 
 143 , 6619.93328404 , 2.78272 , 0.417054, 2.80348 
 144 , 6654.56682706 , 2.77192 , 0.417054, 2.80348 
 145 , 6745.4069829 , 2.78272 , 0.417054, 2.80348 
 146 , 6778.96587801 , 2.7905 , 0.417054, 2.80348 
 147 , 6812.140172 , 2.80952 , 0.417054, 2.80348 
 148 , 6846.89110494 , 2.78618 , 0.417054, 2.80348 
 149 , 6881.97704506 , 2.8052 , 0.417054, 2.80348 
 150 , 6973.69761992 , 2.80347 , 0.417054, 2.80348 
 151 , 7010.07585692 , 2.81946 , 0.417054, 2.80348 
 152 , 7043.98936987 , 2.76587 , 0.417054, 2.80348 
 153 , 7077.66986394 , 2.82983 , 0.417054, 2.80348 
 154 , 7111.76395893 , 2.78229 , 0.417054, 2.80348 
 155 , 7205.47093892 , 2.8173 , 0.417054, 2.80348 
 156 , 7241.402879 , 2.7784 , 0.417054, 2.80348 
 157 , 7275.94339705 , 2.7918 , 0.417054, 2.80348 
 158 , 7308.986588 , 2.76241 , 0.417054, 2.80348 
 159 , 7342.00229096 , 2.76284 , 0.417054, 2.80348 
 160 , 7432.36817598 , 2.76414 , 0.417054, 2.80348 
 161 , 7465.34335995 , 2.80865 , 0.417054, 2.80348 
 162 , 7498.30731702 , 2.79785 , 0.417054, 2.80348 
 163 , 7531.29433703 , 2.76803 , 0.417054, 2.80348 
 164 , 7564.35848999 , 2.83156 , 0.417054, 2.80348 
 165 , 7653.14838409 , 2.80001 , 0.417054, 2.80348 
 166 , 7689.95206404 , 2.80649 , 0.417054, 2.80348 
 167 , 7721.59278989 , 2.78488 , 0.417054, 2.80348 
 168 , 7753.23172593 , 2.79915 , 0.417054, 2.80348 
 169 , 7784.96175003 , 2.81081 , 0.417054, 2.80348 
 170 , 7870.34615803 , 2.74988 , 0.417054, 2.80348 
 171 , 7901.95268202 , 2.78964 , 0.417054, 2.80348 
 172 , 7933.58285499 , 2.84971 , 0.417054, 2.80348 
 173 , 7965.20577693 , 2.75506 , 0.417054, 2.80348 
 174 , 7998.08708405 , 2.7905 , 0.417054, 2.80348 
 175 , 8090.62135005 , 2.78704 , 0.417054, 2.80348 
 176 , 8125.61281395 , 2.77624 , 0.417054, 2.80348 
 177 , 8161.83072686 , 2.78143 , 0.417054, 2.80348 
 178 , 8196.14891291 , 2.81168 , 0.417054, 2.80348 
 179 , 8232.39380503 , 2.80044 , 0.417054, 2.80348 
 180 , 8321.51331902 , 2.77538 , 0.417054, 2.80348 
 181 , 8355.16727805 , 2.80736 , 0.417054, 2.80348 
 182 , 8388.20988488 , 2.78143 , 0.417054, 2.80348 
 183 , 8421.05731201 , 2.82335 , 0.417054, 2.80348 
 184 , 8454.43605089 , 2.82248 , 0.417054, 2.80348 
 185 , 8543.63609004 , 2.77062 , 0.417054, 2.80348 
 186 , 8576.67344809 , 2.8039 , 0.417054, 2.80348 
 187 , 8610.05138898 , 2.77754 , 0.417054, 2.80348 
 188 , 8643.688483 , 2.78748 , 0.417054, 2.80348 
 189 , 8677.75853205 , 2.82032 , 0.417054, 2.80348 
 190 , 8772.9011569 , 2.79742 , 0.417054, 2.80348 
 191 , 8806.64848089 , 2.81081 , 0.417054, 2.80348 
 192 , 8842.36894298 , 2.79439 , 0.417054, 2.80348 
 193 , 8876.31500506 , 2.8039 , 0.417054, 2.80348 
 194 , 8910.53962088 , 2.77235 , 0.417054, 2.80348 
 195 , 9002.30284095 , 2.80606 , 0.417054, 2.80348 
 196 , 9037.71346498 , 2.8052 , 0.417054, 2.80348 
 197 , 9074.30277491 , 2.81254 , 0.417054, 2.80348 
 198 , 9111.23696995 , 2.80649 , 0.417054, 2.80348 
 199 , 9147.57022691 , 2.80044 , 0.417054, 2.80348 
 200 , 9244.77960706 , 2.82032 , 0.417054, 2.80348 
 201 , 9281.06822395 , 2.80779 , 0.417054, 2.80348 
 202 , 9315.9300549 , 2.82162 , 0.417054, 2.80348 
 203 , 9352.49404788 , 2.83458 , 0.417054, 2.80348 
 204 , 9387.71634102 , 2.80217 , 0.417054, 2.80348 
 205 , 9483.14093304 , 2.81773 , 0.417054, 2.80348 
 206 , 9517.35912991 , 2.81427 , 0.417054, 2.80348 
 207 , 9554.19587398 , 2.7663 , 0.417054, 2.80348 
 208 , 9590.12525392 , 2.7905 , 0.417054, 2.80348 
 209 , 9625.76506495 , 2.76933 , 0.417054, 2.80348 
 210 , 9718.84379506 , 2.7663 , 0.417054, 2.80348 
 211 , 9754.29479098 , 2.77538 , 0.417054, 2.80348 
 212 , 9790.942693 , 2.80952 , 0.417054, 2.80348 
 213 , 9825.62837696 , 2.76673 , 0.417054, 2.80348 
 214 , 9859.164047 , 2.81211 , 0.417054, 2.80348 
 215 , 9952.62648892 , 2.79871 , 0.417054, 2.80348 
 216 , 9988.23738503 , 2.83718 , 0.417054, 2.80348 
 217 , 10022.976573 , 2.8039 , 0.417054, 2.80348 
 218 , 10058.4919629 , 2.765 , 0.417054, 2.80348 
 219 , 10091.46346 , 2.79266 , 0.417054, 2.80348 
 220 , 10185.569294 , 2.7771 , 0.417054, 2.80348 
 221 , 10221.5469649 , 2.8147 , 0.417054, 2.80348 
 222 , 10259.5978639 , 2.8268 , 0.417054, 2.80348 
 223 , 10295.69488 , 2.78488 , 0.417054, 2.80348 
 224 , 10332.5960951 , 2.76716 , 0.417054, 2.80348 
 225 , 10430.7952249 , 2.80001 , 0.417054, 2.80348 
 226 , 10462.182303 , 2.7905 , 0.417054, 2.80348 
 227 , 10493.4705501 , 2.8026 , 0.417054, 2.80348 
 228 , 10524.756846 , 2.81686 , 0.417054, 2.80348 
 229 , 10556.067498 , 2.79871 , 0.417054, 2.80348 
 230 , 10640.3464799 , 2.81125 , 0.417054, 2.80348 
 231 , 10671.6924019 , 2.83761 , 0.417054, 2.80348 
 232 , 10703.006619 , 2.78661 , 0.417054, 2.80348 
 233 , 10734.3746629 , 2.80131 , 0.417054, 2.80348 
 234 , 10765.662679 , 2.80087 , 0.417054, 2.80348 
 235 , 10850.1218209 , 2.8268 , 0.417054, 2.80348 
 236 , 10881.5431359 , 2.79958 , 0.417054, 2.80348 
 237 , 10912.8786919 , 2.82291 , 0.417054, 2.80348 
 238 , 10944.310379 , 2.83285 , 0.417054, 2.80348 
 239 , 10975.7059739 , 2.78834 , 0.417054, 2.80348 
 240 , 11060.1063559 , 2.78964 , 0.417054, 2.80348 
 241 , 11091.3806639 , 2.8026 , 0.417054, 2.80348 
 242 , 11122.6751311 , 2.80736 , 0.417054, 2.80348 
 243 , 11153.9392121 , 2.79439 , 0.417054, 2.80348 
 244 , 11185.3307431 , 2.8147 , 0.417054, 2.80348 
 245 , 11269.906986 , 2.83199 , 0.417054, 2.80348 
 246 , 11301.1488941 , 2.81816 , 0.417054, 2.80348 
 247 , 11332.5055821 , 2.79396 , 0.417054, 2.80348 
 248 , 11363.9807711 , 2.78272 , 0.417054, 2.80348 
 249 , 11395.266325 , 2.79828 , 0.417054, 2.80348 
 250 , 11479.8052111 , 2.76241 , 0.417054, 2.80348 
 251 , 11511.172286 , 2.79871 , 0.417054, 2.80348 
 252 , 11542.516809 , 2.80736 , 0.417054, 2.80348 
 253 , 11573.866612 , 2.80995 , 0.417054, 2.80348 
 254 , 11605.180073 , 2.80131 , 0.417054, 2.80348 
 255 , 11689.8075471 , 2.80087 , 0.417054, 2.80348 
 256 , 11721.1690991 , 2.77581 , 0.417054, 2.80348 
 257 , 11752.513622 , 2.81686 , 0.417054, 2.80348 
 258 , 11783.7929521 , 2.81125 , 0.417054, 2.80348 
 259 , 11815.1378191 , 2.80736 , 0.417054, 2.80348 
 260 , 11899.625514 , 2.83026 , 0.417054, 2.80348 
 261 , 11931.0524409 , 2.82464 , 0.417054, 2.80348 
 262 , 11962.493335 , 2.83113 , 0.417054, 2.80348 
 263 , 11993.8196559 , 2.78013 , 0.417054, 2.80348 
 264 , 12025.1985109 , 2.82075 , 0.417054, 2.80348 
 265 , 12109.86181 , 2.7905 , 0.417054, 2.80348 
 266 , 12141.2198341 , 2.78748 , 0.417054, 2.80348 
 267 , 12172.6625969 , 2.79785 , 0.417054, 2.80348 
 268 , 12204.1771059 , 2.80865 , 0.417054, 2.80348 
 269 , 12235.520952 , 2.80087 , 0.417054, 2.80348 
 270 , 12319.991817 , 2.81254 , 0.417054, 2.80348 
 271 , 12351.3171511 , 2.78445 , 0.417054, 2.80348 
 272 , 12382.7765629 , 2.80044 , 0.417054, 2.80348 
 273 , 12414.131387 , 2.79914 , 0.417054, 2.80348 
 274 , 12445.4858909 , 2.79309 , 0.417054, 2.80348 
 275 , 12530.01106 , 2.80563 , 0.417054, 2.80348 
 276 , 12561.3598049 , 2.82335 , 0.417054, 2.80348 
 277 , 12592.780483 , 2.78402 , 0.417054, 2.80348 
 278 , 12624.296247 , 2.80908 , 0.417054, 2.80348 
 279 , 12655.564837 , 2.81038 , 0.417054, 2.80348 
 280 , 12740.0049911 , 2.78964 , 0.417054, 2.80348 
 281 , 12771.2622421 , 2.81514 , 0.417054, 2.80348 
 282 , 12802.645756 , 2.80822 , 0.417054, 2.80348 
 283 , 12834.0079319 , 2.78488 , 0.417054, 2.80348 
 284 , 12865.4085469 , 2.76933 , 0.417054, 2.80348 
 285 , 12949.801563 , 2.78834 , 0.417054, 2.80348 
 286 , 12981.1701839 , 2.79093 , 0.417054, 2.80348 
 287 , 13012.503392 , 2.79828 , 0.417054, 2.80348 
 288 , 13043.9823959 , 2.78964 , 0.417054, 2.80348 
 289 , 13075.410943 , 2.8173 , 0.417054, 2.80348 
 290 , 13160.145107 , 2.81297 , 0.417054, 2.80348 
 291 , 13191.668406 , 2.83026 , 0.417054, 2.80348 
 292 , 13223.073483 , 2.8026 , 0.417054, 2.80348 
 293 , 13254.3168759 , 2.78661 , 0.417054, 2.80348 
 294 , 13285.699101 , 2.81211 , 0.417054, 2.80348 
 295 , 13370.2487719 , 2.80347 , 0.417054, 2.80348 
 296 , 13401.5278509 , 2.80131 , 0.417054, 2.80348 
 297 , 13432.914531 , 2.78359 , 0.417054, 2.80348 
 298 , 13464.1325009 , 2.80563 , 0.417054, 2.80348 
 299 , 13495.5349231 , 2.81125 , 0.417054, 2.80348 
 300 , 13579.9754961 , 2.78272 , 0.417054, 2.80348 
 301 , 13611.2897761 , 2.7905 , 0.417054, 2.80348 
 302 , 13643.5995209 , 2.78575 , 0.417054, 2.80348 
 303 , 13678.4256561 , 2.8147 , 0.417054, 2.80348 
