#wRandFlip 
#The training is running for 1000 chunks, each with 1008 images. That are about 17 epochs. The validation sample contains 3078 images. 
#round  ,time, mean_train_loss , mean_valid_loss 
#  starting learning rate to 0.020000 
 1 , 53.9344861507 , 0.537639 , 0.0, 0.0 
 2 , 87.4451920986 , 0.171855 , 0.0, 0.0 
 3 , 122.068808079 , 0.169439 , 0.0, 0.0 
 4 , 156.131819963 , 0.170002 , 0.0, 0.0 
#Free GPU Mem after validation step 517.0625 MiB 
 5 , 245.461892128 , 0.16823 , 0.0, 0.0 
 6 , 278.97893095 , 0.168819 , 0.0, 0.0 
 7 , 312.48705411 , 0.160847 , 0.168142, 0.523771 
 8 , 345.942578077 , 0.156201 , 0.168142, 0.523771 
 9 , 379.510990143 , 0.156835 , 0.168142, 0.523771 
 10 , 466.025716066 , 0.153168 , 0.154026, 0.511115 
 11 , 499.650537968 , 0.150564 , 0.154026, 0.511115 
 12 , 533.288646936 , 0.150624 , 0.154026, 0.511115 
 13 , 572.360564947 , 0.149732 , 0.154026, 0.511115 
 14 , 606.460510969 , 0.151006 , 0.154026, 0.511115 
 15 , 693.78057003 , 0.149898 , 0.148302, 0.502333 
 16 , 727.955945015 , 0.148442 , 0.148302, 0.502333 
 17 , 762.089743137 , 0.147856 , 0.148302, 0.502333 
 18 , 796.277113914 , 0.14427 , 0.148302, 0.502333 
 19 , 830.546042919 , 0.143027 , 0.148302, 0.502333 
 20 , 917.995929003 , 0.145797 , 0.141621, 0.489926 
 21 , 952.21045208 , 0.142561 , 0.141621, 0.489926 
 22 , 986.366327047 , 0.144947 , 0.141621, 0.489926 
 23 , 1020.48446608 , 0.14269 , 0.141621, 0.489926 
 24 , 1054.57485509 , 0.142355 , 0.141621, 0.489926 
 25 , 1142.02483201 , 0.138898 , 0.13953, 0.486189 
 26 , 1176.13631392 , 0.136067 , 0.13953, 0.486189 
 27 , 1210.29453111 , 0.138822 , 0.13953, 0.486189 
 28 , 1244.4506011 , 0.141586 , 0.13953, 0.486189 
 29 , 1278.65647602 , 0.14034 , 0.13953, 0.486189 
 30 , 1366.00476098 , 0.139501 , 0.142346, 0.48588 
 31 , 1400.14913893 , 0.140108 , 0.142346, 0.48588 
 32 , 1434.26008606 , 0.140018 , 0.142346, 0.48588 
 33 , 1468.43349814 , 0.137489 , 0.142346, 0.48588 
 34 , 1502.44460797 , 0.135862 , 0.142346, 0.48588 
 35 , 1589.939991 , 0.137251 , 0.134378, 0.479523 
 36 , 1624.08830094 , 0.137891 , 0.134378, 0.479523 
 37 , 1658.16729212 , 0.141192 , 0.134378, 0.479523 
 38 , 1692.34477496 , 0.132631 , 0.134378, 0.479523 
 39 , 1726.46645093 , 0.138122 , 0.134378, 0.479523 
 40 , 1813.96974015 , 0.131841 , 0.131716, 0.478246 
 41 , 1848.24930501 , 0.131742 , 0.131716, 0.478246 
 42 , 1882.43729305 , 0.132855 , 0.131716, 0.478246 
 43 , 1916.64125896 , 0.132473 , 0.131716, 0.478246 
 44 , 1950.90015602 , 0.135778 , 0.131716, 0.478246 
 45 , 2038.37498093 , 0.132756 , 0.130464, 0.475204 
 46 , 2072.57715011 , 0.131812 , 0.130464, 0.475204 
 47 , 2106.69598413 , 0.128554 , 0.130464, 0.475204 
 48 , 2140.80884099 , 0.129935 , 0.130464, 0.475204 
 49 , 2175.08254695 , 0.132289 , 0.130464, 0.475204 
 50 , 2262.89000607 , 0.131956 , 0.129826, 0.47504 
 51 , 2297.08907294 , 0.130112 , 0.129826, 0.47504 
 52 , 2331.12823796 , 0.13229 , 0.129826, 0.47504 
 53 , 2365.25798798 , 0.129403 , 0.129826, 0.47504 
 54 , 2399.44711709 , 0.130115 , 0.129826, 0.47504 
 55 , 2486.89808702 , 0.132117 , 0.127917, 0.47469 
 56 , 2520.97550607 , 0.129307 , 0.127917, 0.47469 
 57 , 2556.27338505 , 0.129265 , 0.127917, 0.47469 
 58 , 2591.87832713 , 0.13199 , 0.127917, 0.47469 
 59 , 2626.17246199 , 0.129661 , 0.127917, 0.47469 
 60 , 2718.20114493 , 0.129105 , 0.128672, 0.473545 
 61 , 2753.9731071 , 0.129416 , 0.128672, 0.473545 
 62 , 2791.36248112 , 0.126328 , 0.128672, 0.473545 
 63 , 2825.04671001 , 0.128033 , 0.128672, 0.473545 
 64 , 2860.62420106 , 0.128125 , 0.128672, 0.473545 
 65 , 2950.46701813 , 0.125691 , 0.13057, 0.476081 
 66 , 2985.11389303 , 0.130156 , 0.13057, 0.476081 
 67 , 3021.5989151 , 0.126946 , 0.13057, 0.476081 
 68 , 3063.40237212 , 0.122553 , 0.13057, 0.476081 
 69 , 3098.93274808 , 0.127149 , 0.13057, 0.476081 
 70 , 3187.81312013 , 0.127657 , 0.127303, 0.472888 
 71 , 3223.13052702 , 0.126699 , 0.127303, 0.472888 
 72 , 3259.74812293 , 0.129799 , 0.127303, 0.472888 
 73 , 3296.45827198 , 0.123352 , 0.127303, 0.472888 
 74 , 3332.77509212 , 0.126542 , 0.127303, 0.472888 
 75 , 3431.3079071 , 0.125526 , 0.124915, 0.471424 
 76 , 3465.28621411 , 0.126877 , 0.124915, 0.471424 
 77 , 3499.16627598 , 0.129793 , 0.124915, 0.471424 
 78 , 3532.94848204 , 0.127278 , 0.124915, 0.471424 
 79 , 3567.18006301 , 0.126464 , 0.124915, 0.471424 
 80 , 3657.12567306 , 0.128592 , 0.128409, 0.475719 
 81 , 3692.47093797 , 0.12856 , 0.128409, 0.475719 
 82 , 3727.11950803 , 0.124805 , 0.128409, 0.475719 
 83 , 3762.53584194 , 0.125349 , 0.128409, 0.475719 
 84 , 3798.20088601 , 0.125305 , 0.128409, 0.475719 
 85 , 3886.89584303 , 0.128956 , 0.125624, 0.472915 
 86 , 3924.03627992 , 0.127791 , 0.125624, 0.472915 
 87 , 3959.03526711 , 0.126119 , 0.125624, 0.472915 
 88 , 3993.10113597 , 0.128734 , 0.125624, 0.472915 
 89 , 4027.48110509 , 0.125161 , 0.125624, 0.472915 
 90 , 4116.41486597 , 0.126108 , 0.127576, 0.473631 
 91 , 4150.71822405 , 0.128449 , 0.127576, 0.473631 
 92 , 4184.9378531 , 0.123727 , 0.127576, 0.473631 
 93 , 4218.88302112 , 0.12599 , 0.127576, 0.473631 
 94 , 4252.88665199 , 0.125062 , 0.127576, 0.473631 
 95 , 4342.46815705 , 0.122777 , 0.124073, 0.469669 
 96 , 4377.31435108 , 0.122863 , 0.124073, 0.469669 
 97 , 4411.23808908 , 0.126583 , 0.124073, 0.469669 
 98 , 4445.75912094 , 0.125914 , 0.124073, 0.469669 
 99 , 4482.31236601 , 0.123762 , 0.124073, 0.469669 
 100 , 4571.74141693 , 0.12445 , 0.123982, 0.469272 
 101 , 4608.19699001 , 0.124455 , 0.123982, 0.469272 
 102 , 4645.87447095 , 0.127905 , 0.123982, 0.469272 
 103 , 4682.22096395 , 0.124878 , 0.123982, 0.469272 
 104 , 4717.56679797 , 0.125714 , 0.123982, 0.469272 
 105 , 4806.25127506 , 0.123784 , 0.124694, 0.470655 
 106 , 4842.68285298 , 0.124578 , 0.124694, 0.470655 
 107 , 4879.02240801 , 0.123667 , 0.124694, 0.470655 
 108 , 4915.86660695 , 0.124378 , 0.124694, 0.470655 
 109 , 4953.35217309 , 0.123471 , 0.124694, 0.470655 
 110 , 5051.05801296 , 0.125302 , 0.124496, 0.469626 
 111 , 5088.04078507 , 0.129605 , 0.124496, 0.469626 
 112 , 5124.773139 , 0.125871 , 0.124496, 0.469626 
 113 , 5160.62790608 , 0.125648 , 0.124496, 0.469626 
 114 , 5195.54441404 , 0.122624 , 0.124496, 0.469626 
 115 , 5283.09418893 , 0.123887 , 0.12304, 0.470172 
 116 , 5316.85214806 , 0.124574 , 0.12304, 0.470172 
 117 , 5351.88191104 , 0.123316 , 0.12304, 0.470172 
 118 , 5386.342242 , 0.124375 , 0.12304, 0.470172 
 119 , 5420.11949992 , 0.125942 , 0.12304, 0.470172 
 120 , 5506.99876595 , 0.124281 , 0.124369, 0.471412 
 121 , 5542.63537002 , 0.126134 , 0.124369, 0.471412 
 122 , 5576.48175812 , 0.126307 , 0.124369, 0.471412 
 123 , 5610.33337808 , 0.123603 , 0.124369, 0.471412 
 124 , 5644.10513711 , 0.123546 , 0.124369, 0.471412 
 125 , 5732.51200604 , 0.122864 , 0.12348, 0.470328 
 126 , 5766.89515495 , 0.125395 , 0.12348, 0.470328 
 127 , 5802.89083004 , 0.126599 , 0.12348, 0.470328 
 128 , 5844.61562395 , 0.124533 , 0.12348, 0.470328 
 129 , 5879.72992802 , 0.122109 , 0.12348, 0.470328 
 130 , 5972.24557304 , 0.12409 , 0.122973, 0.46806 
 131 , 6006.91809511 , 0.127247 , 0.122973, 0.46806 
 132 , 6041.614079 , 0.125094 , 0.122973, 0.46806 
 133 , 6076.01708102 , 0.125096 , 0.122973, 0.46806 
 134 , 6109.89442492 , 0.123558 , 0.122973, 0.46806 
 135 , 6200.77809405 , 0.126388 , 0.124602, 0.469824 
 136 , 6237.81939292 , 0.122773 , 0.124602, 0.469824 
 137 , 6276.58571792 , 0.125039 , 0.124602, 0.469824 
 138 , 6314.08532214 , 0.125211 , 0.124602, 0.469824 
 139 , 6347.81864595 , 0.124411 , 0.124602, 0.469824 
 140 , 6442.40083003 , 0.125138 , 0.122889, 0.468439 
 141 , 6481.17796803 , 0.122562 , 0.122889, 0.468439 
 142 , 6517.26999497 , 0.12313 , 0.122889, 0.468439 
 143 , 6552.31422615 , 0.12351 , 0.122889, 0.468439 
 144 , 6590.86571598 , 0.12294 , 0.122889, 0.468439 
 145 , 6684.15166306 , 0.124741 , 0.122248, 0.468737 
 146 , 6723.61846304 , 0.123422 , 0.122248, 0.468737 
 147 , 6761.44069099 , 0.122201 , 0.122248, 0.468737 
 148 , 6797.46150899 , 0.126979 , 0.122248, 0.468737 
 149 , 6836.56033492 , 0.121316 , 0.122248, 0.468737 
 150 , 6936.36551499 , 0.123185 , 0.121557, 0.468726 
 151 , 6974.96760201 , 0.122063 , 0.121557, 0.468726 
 152 , 7013.95527911 , 0.124945 , 0.121557, 0.468726 
 153 , 7051.31747508 , 0.120588 , 0.121557, 0.468726 
 154 , 7089.16199899 , 0.125337 , 0.121557, 0.468726 
 155 , 7183.03714108 , 0.124297 , 0.122133, 0.467871 
 156 , 7218.25891113 , 0.123717 , 0.122133, 0.467871 
 157 , 7252.60824895 , 0.125216 , 0.122133, 0.467871 
 158 , 7287.14942002 , 0.123735 , 0.122133, 0.467871 
 159 , 7325.1231761 , 0.121906 , 0.122133, 0.467871 
 160 , 7425.29007697 , 0.124861 , 0.12139, 0.467323 
 161 , 7459.96591902 , 0.124364 , 0.12139, 0.467323 
 162 , 7494.23232293 , 0.122801 , 0.12139, 0.467323 
 163 , 7531.47276592 , 0.121606 , 0.12139, 0.467323 
 164 , 7568.00469899 , 0.121648 , 0.12139, 0.467323 
 165 , 7661.23500204 , 0.123937 , 0.12341, 0.470166 
 166 , 7697.45387292 , 0.12191 , 0.12341, 0.470166 
 167 , 7732.94169402 , 0.123484 , 0.12341, 0.470166 
 168 , 7768.24447298 , 0.124009 , 0.12341, 0.470166 
 169 , 7807.07657814 , 0.122305 , 0.12341, 0.470166 
 170 , 7903.06017208 , 0.126461 , 0.122542, 0.469209 
 171 , 7942.137537 , 0.125736 , 0.122542, 0.469209 
 172 , 7981.2043891 , 0.1221 , 0.122542, 0.469209 
 173 , 8020.44356608 , 0.123719 , 0.122542, 0.469209 
 174 , 8054.23488498 , 0.123473 , 0.122542, 0.469209 
 175 , 8142.43597913 , 0.120768 , 0.121754, 0.468485 
 176 , 8176.31939006 , 0.123728 , 0.121754, 0.468485 
 177 , 8210.215729 , 0.124553 , 0.121754, 0.468485 
 178 , 8243.96768498 , 0.121759 , 0.121754, 0.468485 
 179 , 8278.74261999 , 0.124499 , 0.121754, 0.468485 
 180 , 8372.96845293 , 0.123285 , 0.123786, 0.469452 
 181 , 8411.39040303 , 0.121416 , 0.123786, 0.469452 
 182 , 8448.31783795 , 0.12275 , 0.123786, 0.469452 
 183 , 8485.80594206 , 0.119524 , 0.123786, 0.469452 
 184 , 8519.83231306 , 0.120333 , 0.123786, 0.469452 
 185 , 8612.05589294 , 0.122241 , 0.124642, 0.471611 
 186 , 8645.99719405 , 0.120344 , 0.124642, 0.471611 
 187 , 8681.09868002 , 0.120782 , 0.124642, 0.471611 
 188 , 8717.34064603 , 0.122104 , 0.124642, 0.471611 
 189 , 8752.52223611 , 0.122346 , 0.124642, 0.471611 
 190 , 8843.47606301 , 0.122015 , 0.121376, 0.467908 
 191 , 8877.85319114 , 0.123117 , 0.121376, 0.467908 
 192 , 8912.12780499 , 0.122264 , 0.121376, 0.467908 
 193 , 8947.46643996 , 0.121544 , 0.121376, 0.467908 
 194 , 8982.41381502 , 0.121507 , 0.121376, 0.467908 
 195 , 9077.46978712 , 0.120616 , 0.120851, 0.467845 
 196 , 9112.38598204 , 0.124575 , 0.120851, 0.467845 
 197 , 9146.93571615 , 0.122194 , 0.120851, 0.467845 
 198 , 9180.81930494 , 0.120495 , 0.120851, 0.467845 
 199 , 9217.5578351 , 0.120648 , 0.120851, 0.467845 
 200 , 9309.22720599 , 0.122368 , 0.122173, 0.46796 
 201 , 9345.51841593 , 0.1226 , 0.122173, 0.46796 
 202 , 9379.70594001 , 0.119077 , 0.122173, 0.46796 
 203 , 9414.48112702 , 0.121353 , 0.122173, 0.46796 
 204 , 9449.86615014 , 0.123979 , 0.122173, 0.46796 
 205 , 9540.08060098 , 0.124036 , 0.12391, 0.47047 
 206 , 9576.46744895 , 0.125358 , 0.12391, 0.47047 
 207 , 9611.43713713 , 0.120919 , 0.12391, 0.47047 
 208 , 9648.44449401 , 0.119912 , 0.12391, 0.47047 
 209 , 9687.91381502 , 0.124322 , 0.12391, 0.47047 
 210 , 9779.11011195 , 0.118443 , 0.121288, 0.468139 
 211 , 9812.8743031 , 0.119777 , 0.121288, 0.468139 
 212 , 9846.67902708 , 0.120189 , 0.121288, 0.468139 
 213 , 9880.46405292 , 0.122668 , 0.121288, 0.468139 
 214 , 9914.229388 , 0.12224 , 0.121288, 0.468139 
 215 , 10000.7699649 , 0.120695 , 0.120728, 0.467917 
 216 , 10034.6182451 , 0.120723 , 0.120728, 0.467917 
 217 , 10073.241195 , 0.122101 , 0.120728, 0.467917 
 218 , 10107.391644 , 0.122739 , 0.120728, 0.467917 
 219 , 10142.0460651 , 0.122857 , 0.120728, 0.467917 
 220 , 10232.719101 , 0.121863 , 0.121336, 0.469218 
 221 , 10266.510257 , 0.120154 , 0.121336, 0.469218 
 222 , 10300.295867 , 0.119979 , 0.121336, 0.469218 
 223 , 10334.0092061 , 0.123066 , 0.121336, 0.469218 
 224 , 10367.805016 , 0.120484 , 0.121336, 0.469218 
 225 , 10455.5950911 , 0.121443 , 0.119975, 0.467385 
 226 , 10489.4486749 , 0.122102 , 0.119975, 0.467385 
 227 , 10523.224139 , 0.124262 , 0.119975, 0.467385 
 228 , 10557.0525401 , 0.121038 , 0.119975, 0.467385 
 229 , 10590.9509439 , 0.118763 , 0.119975, 0.467385 
 230 , 10677.3765121 , 0.120966 , 0.119994, 0.46537 
 231 , 10711.1767321 , 0.121638 , 0.119994, 0.46537 
 232 , 10746.983685 , 0.121342 , 0.119994, 0.46537 
 233 , 10780.7153661 , 0.119986 , 0.119994, 0.46537 
 234 , 10814.5235581 , 0.122268 , 0.119994, 0.46537 
 235 , 10901.0770791 , 0.118532 , 0.120855, 0.466239 
 236 , 10934.855587 , 0.121575 , 0.120855, 0.466239 
 237 , 10971.668622 , 0.120442 , 0.120855, 0.466239 
 238 , 11006.086971 , 0.123708 , 0.120855, 0.466239 
 239 , 11041.6597061 , 0.121329 , 0.120855, 0.466239 
 240 , 11135.601922 , 0.121605 , 0.121381, 0.46663 
 241 , 11170.232806 , 0.120415 , 0.121381, 0.46663 
 242 , 11204.6488261 , 0.119658 , 0.121381, 0.46663 
 243 , 11244.251914 , 0.121519 , 0.121381, 0.46663 
 244 , 11280.9622791 , 0.12325 , 0.121381, 0.46663 
 245 , 11371.9391069 , 0.121904 , 0.119498, 0.465217 
 246 , 11406.858041 , 0.121753 , 0.119498, 0.465217 
 247 , 11442.5209851 , 0.121674 , 0.119498, 0.465217 
 248 , 11477.181103 , 0.120835 , 0.119498, 0.465217 
 249 , 11518.554414 , 0.121948 , 0.119498, 0.465217 
 250 , 11616.338058 , 0.121296 , 0.119389, 0.465253 
 251 , 11656.535434 , 0.121359 , 0.119389, 0.465253 
 252 , 11694.619514 , 0.119548 , 0.119389, 0.465253 
 253 , 11730.8365321 , 0.122922 , 0.119389, 0.465253 
 254 , 11765.7290611 , 0.121812 , 0.119389, 0.465253 
 255 , 11863.7172539 , 0.121805 , 0.120233, 0.466598 
 256 , 11901.7197449 , 0.12049 , 0.120233, 0.466598 
 257 , 11937.9215231 , 0.121285 , 0.120233, 0.466598 
 258 , 11976.7398541 , 0.120554 , 0.120233, 0.466598 
 259 , 12013.4049911 , 0.119798 , 0.120233, 0.466598 
 260 , 12111.2249281 , 0.121905 , 0.120942, 0.466228 
 261 , 12149.817564 , 0.122563 , 0.120942, 0.466228 
 262 , 12186.000803 , 0.119229 , 0.120942, 0.466228 
 263 , 12221.2008741 , 0.119594 , 0.120942, 0.466228 
 264 , 12259.9386451 , 0.121937 , 0.120942, 0.466228 
 265 , 12354.861398 , 0.124186 , 0.119616, 0.46601 
 266 , 12394.1000061 , 0.120429 , 0.119616, 0.46601 
 267 , 12430.5864401 , 0.122951 , 0.119616, 0.46601 
 268 , 12467.544435 , 0.120079 , 0.119616, 0.46601 
 269 , 12501.5255911 , 0.117792 , 0.119616, 0.46601 
 270 , 12595.5270081 , 0.120082 , 0.120735, 0.466727 
 271 , 12634.941118 , 0.121273 , 0.120735, 0.466727 
 272 , 12670.8730021 , 0.120787 , 0.120735, 0.466727 
 273 , 12709.6154771 , 0.12257 , 0.120735, 0.466727 
 274 , 12746.1087761 , 0.121285 , 0.120735, 0.466727 
 275 , 12842.197031 , 0.12154 , 0.120252, 0.465681 
 276 , 12878.4197869 , 0.121135 , 0.120252, 0.465681 
 277 , 12917.9594491 , 0.12123 , 0.120252, 0.465681 
 278 , 12957.6883821 , 0.121098 , 0.120252, 0.465681 
 279 , 12996.6563551 , 0.119581 , 0.120252, 0.465681 
 280 , 13092.491667 , 0.120811 , 0.119772, 0.465452 
 281 , 13126.299104 , 0.116772 , 0.119772, 0.465452 
 282 , 13159.964484 , 0.11917 , 0.119772, 0.465452 
 283 , 13193.6406701 , 0.120841 , 0.119772, 0.465452 
 284 , 13227.354352 , 0.120941 , 0.119772, 0.465452 
 285 , 13313.724123 , 0.120996 , 0.119851, 0.466197 
 286 , 13347.4386389 , 0.1204 , 0.119851, 0.466197 
 287 , 13381.1661689 , 0.11947 , 0.119851, 0.466197 
 288 , 13414.9018359 , 0.119911 , 0.119851, 0.466197 
 289 , 13448.6608241 , 0.121603 , 0.119851, 0.466197 
 290 , 13535.0519919 , 0.120846 , 0.120139, 0.466014 
 291 , 13568.774029 , 0.120877 , 0.120139, 0.466014 
 292 , 13602.5232821 , 0.120393 , 0.120139, 0.466014 
 293 , 13636.3601789 , 0.12064 , 0.120139, 0.466014 
 294 , 13670.0867591 , 0.121118 , 0.120139, 0.466014 
 295 , 13756.5788591 , 0.12204 , 0.119834, 0.466338 
 296 , 13790.350642 , 0.119658 , 0.119834, 0.466338 
 297 , 13824.1374161 , 0.118911 , 0.119834, 0.466338 
 298 , 13857.8200681 , 0.117569 , 0.119834, 0.466338 
 299 , 13891.585628 , 0.120132 , 0.119834, 0.466338 
 300 , 13977.921917 , 0.123781 , 0.120195, 0.466456 
 301 , 14011.6380169 , 0.119919 , 0.120195, 0.466456 
 302 , 14045.4440241 , 0.11731 , 0.120195, 0.466456 
 303 , 14079.272522 , 0.118142 , 0.120195, 0.466456 
 304 , 14112.956075 , 0.118685 , 0.120195, 0.466456 
 305 , 14199.256387 , 0.120479 , 0.119442, 0.465022 
 306 , 14233.0047691 , 0.118977 , 0.119442, 0.465022 
 307 , 14266.703285 , 0.119225 , 0.119442, 0.465022 
 308 , 14300.5771341 , 0.11719 , 0.119442, 0.465022 
 309 , 14334.3104911 , 0.117299 , 0.119442, 0.465022 
 310 , 14420.681957 , 0.121526 , 0.119389, 0.466152 
 311 , 14454.4058831 , 0.119468 , 0.119389, 0.466152 
 312 , 14488.2413931 , 0.119609 , 0.119389, 0.466152 
 313 , 14522.0707221 , 0.12222 , 0.119389, 0.466152 
 314 , 14555.862967 , 0.119852 , 0.119389, 0.466152 
 315 , 14642.3048351 , 0.12001 , 0.120117, 0.466766 
 316 , 14676.0659671 , 0.119714 , 0.120117, 0.466766 
 317 , 14709.9707301 , 0.119164 , 0.120117, 0.466766 
 318 , 14743.790699 , 0.121385 , 0.120117, 0.466766 
 319 , 14777.6697521 , 0.120245 , 0.120117, 0.466766 
 320 , 14864.2036531 , 0.118162 , 0.120572, 0.466566 
 321 , 14897.998719 , 0.117581 , 0.120572, 0.466566 
 322 , 14931.744982 , 0.120293 , 0.120572, 0.466566 
 323 , 14965.597182 , 0.121469 , 0.120572, 0.466566 
 324 , 14999.302732 , 0.117858 , 0.120572, 0.466566 
 325 , 15085.6516061 , 0.116149 , 0.119341, 0.465969 
 326 , 15119.353307 , 0.119958 , 0.119341, 0.465969 
 327 , 15153.1276851 , 0.119128 , 0.119341, 0.465969 
 328 , 15186.9528341 , 0.119133 , 0.119341, 0.465969 
 329 , 15220.73299 , 0.119376 , 0.119341, 0.465969 
 330 , 15307.0299881 , 0.119893 , 0.119268, 0.465312 
 331 , 15340.8290901 , 0.12005 , 0.119268, 0.465312 
 332 , 15374.5763271 , 0.118269 , 0.119268, 0.465312 
 333 , 15408.2791681 , 0.118485 , 0.119268, 0.465312 
 334 , 15442.127738 , 0.119817 , 0.119268, 0.465312 
 335 , 15528.37304 , 0.12187 , 0.11896, 0.465627 
 336 , 15562.143961 , 0.121264 , 0.11896, 0.465627 
 337 , 15595.8836579 , 0.117428 , 0.11896, 0.465627 
 338 , 15629.610631 , 0.117227 , 0.11896, 0.465627 
 339 , 15663.504174 , 0.118248 , 0.11896, 0.465627 
 340 , 15749.8921371 , 0.12131 , 0.119544, 0.465872 
 341 , 15783.721072 , 0.120354 , 0.119544, 0.465872 
 342 , 15817.4653101 , 0.122905 , 0.119544, 0.465872 
 343 , 15851.2618711 , 0.116204 , 0.119544, 0.465872 
 344 , 15885.1219101 , 0.118841 , 0.119544, 0.465872 
 345 , 15971.54649 , 0.120477 , 0.120347, 0.465886 
 346 , 16005.251482 , 0.118977 , 0.120347, 0.465886 
 347 , 16038.9771981 , 0.11915 , 0.120347, 0.465886 
 348 , 16072.77033 , 0.122597 , 0.120347, 0.465886 
 349 , 16106.638432 , 0.119397 , 0.120347, 0.465886 
 350 , 16193.043699 , 0.116683 , 0.119708, 0.466114 
 351 , 16226.893826 , 0.118 , 0.119708, 0.466114 
 352 , 16260.610646 , 0.120104 , 0.119708, 0.466114 
 353 , 16294.39973 , 0.120044 , 0.119708, 0.466114 
 354 , 16328.201472 , 0.117952 , 0.119708, 0.466114 
 355 , 16414.567157 , 0.119393 , 0.119261, 0.465412 
 356 , 16448.299124 , 0.121695 , 0.119261, 0.465412 
 357 , 16482.1550651 , 0.118724 , 0.119261, 0.465412 
 358 , 16515.94804 , 0.119214 , 0.119261, 0.465412 
 359 , 16549.701112 , 0.117815 , 0.119261, 0.465412 
 360 , 16636.4419851 , 0.119917 , 0.119347, 0.465423 
 361 , 16670.165637 , 0.118555 , 0.119347, 0.465423 
 362 , 16703.896596 , 0.118674 , 0.119347, 0.465423 
 363 , 16737.7243249 , 0.118204 , 0.119347, 0.465423 
 364 , 16771.37414 , 0.121351 , 0.119347, 0.465423 
 365 , 16857.870126 , 0.118916 , 0.11899, 0.464882 
 366 , 16891.6374891 , 0.117609 , 0.11899, 0.464882 
 367 , 16925.36625 , 0.117949 , 0.11899, 0.464882 
 368 , 16959.118711 , 0.119758 , 0.11899, 0.464882 
 369 , 16992.880625 , 0.121234 , 0.11899, 0.464882 
 370 , 17079.2362461 , 0.118804 , 0.11872, 0.465077 
 371 , 17113.0905449 , 0.118433 , 0.11872, 0.465077 
 372 , 17147.071758 , 0.121326 , 0.11872, 0.465077 
 373 , 17180.8821909 , 0.118468 , 0.11872, 0.465077 
 374 , 17214.5905781 , 0.120698 , 0.11872, 0.465077 
 375 , 17301.05232 , 0.119733 , 0.119046, 0.46467 
 376 , 17334.9069719 , 0.11826 , 0.119046, 0.46467 
 377 , 17368.8213902 , 0.118671 , 0.119046, 0.46467 
 378 , 17402.6929231 , 0.122771 , 0.119046, 0.46467 
 379 , 17436.363555 , 0.122651 , 0.119046, 0.46467 
 380 , 17522.7474561 , 0.122595 , 0.119305, 0.46459 
 381 , 17556.507869 , 0.118802 , 0.119305, 0.46459 
 382 , 17590.293514 , 0.117526 , 0.119305, 0.46459 
 383 , 17624.163229 , 0.119537 , 0.119305, 0.46459 
 384 , 17658.1179321 , 0.117323 , 0.119305, 0.46459 
 385 , 17744.7571781 , 0.120096 , 0.122119, 0.467375 
 386 , 17778.6637101 , 0.12245 , 0.122119, 0.467375 
 387 , 17812.6116691 , 0.119539 , 0.122119, 0.467375 
 388 , 17846.405304 , 0.12011 , 0.122119, 0.467375 
 389 , 17880.2766471 , 0.118093 , 0.122119, 0.467375 
 390 , 17966.692363 , 0.121362 , 0.120348, 0.466781 
 391 , 18000.589942 , 0.117916 , 0.120348, 0.466781 
 392 , 18034.3347821 , 0.116698 , 0.120348, 0.466781 
 393 , 18068.1343 , 0.11833 , 0.120348, 0.466781 
 394 , 18101.749229 , 0.118158 , 0.120348, 0.466781 
 395 , 18188.2078681 , 0.121538 , 0.11996, 0.46562 
 396 , 18222.015729 , 0.119009 , 0.11996, 0.46562 
 397 , 18255.7189341 , 0.117503 , 0.11996, 0.46562 
 398 , 18289.4797781 , 0.119562 , 0.11996, 0.46562 
 399 , 18323.2002461 , 0.119473 , 0.11996, 0.46562 
 400 , 18409.829776 , 0.120661 , 0.118894, 0.465332 
 401 , 18443.768815 , 0.120537 , 0.118894, 0.465332 
 402 , 18477.6193781 , 0.121256 , 0.118894, 0.465332 
 403 , 18511.2709789 , 0.115803 , 0.118894, 0.465332 
 404 , 18544.9292221 , 0.118618 , 0.118894, 0.465332 
 405 , 18631.3023441 , 0.119161 , 0.119328, 0.464588 
 406 , 18665.0190639 , 0.118113 , 0.119328, 0.464588 
 407 , 18698.7117729 , 0.119499 , 0.119328, 0.464588 
 408 , 18732.419826 , 0.121505 , 0.119328, 0.464588 
 409 , 18766.1756489 , 0.121734 , 0.119328, 0.464588 
 410 , 18852.6401889 , 0.115914 , 0.119734, 0.466421 
 411 , 18886.3869121 , 0.117624 , 0.119734, 0.466421 
 412 , 18920.1594579 , 0.119357 , 0.119734, 0.466421 
 413 , 18954.003016 , 0.118901 , 0.119734, 0.466421 
 414 , 18987.8300781 , 0.11778 , 0.119734, 0.466421 
 415 , 19074.3594241 , 0.119432 , 0.118395, 0.464916 
 416 , 19108.1778681 , 0.118206 , 0.118395, 0.464916 
 417 , 19141.9521031 , 0.117644 , 0.118395, 0.464916 
 418 , 19175.7674019 , 0.119209 , 0.118395, 0.464916 
 419 , 19209.4934351 , 0.116521 , 0.118395, 0.464916 
 420 , 19295.8408999 , 0.119326 , 0.119217, 0.46492 
 421 , 19329.7137661 , 0.117143 , 0.119217, 0.46492 
 422 , 19363.4748921 , 0.11776 , 0.119217, 0.46492 
 423 , 19397.2471201 , 0.117912 , 0.119217, 0.46492 
 424 , 19431.0538471 , 0.117803 , 0.119217, 0.46492 
 425 , 19517.4637389 , 0.119385 , 0.120526, 0.465572 
 426 , 19551.37904 , 0.119625 , 0.120526, 0.465572 
 427 , 19585.0599689 , 0.119632 , 0.120526, 0.465572 
 428 , 19618.838815 , 0.119563 , 0.120526, 0.465572 
 429 , 19652.6944551 , 0.118753 , 0.120526, 0.465572 
 430 , 19739.156379 , 0.11843 , 0.117815, 0.464365 
 431 , 19773.023819 , 0.117369 , 0.117815, 0.464365 
 432 , 19806.871665 , 0.11847 , 0.117815, 0.464365 
 433 , 19840.5614049 , 0.116958 , 0.117815, 0.464365 
 434 , 19874.3390741 , 0.11833 , 0.117815, 0.464365 
 435 , 19960.9371581 , 0.118397 , 0.118403, 0.464475 
 436 , 19994.7996211 , 0.117711 , 0.118403, 0.464475 
 437 , 20028.4502871 , 0.118395 , 0.118403, 0.464475 
 438 , 20062.2091751 , 0.11933 , 0.118403, 0.464475 
 439 , 20096.1458421 , 0.114851 , 0.118403, 0.464475 
 440 , 20182.500695 , 0.120103 , 0.118974, 0.464557 
 441 , 20216.5212471 , 0.115996 , 0.118974, 0.464557 
 442 , 20250.3543751 , 0.119528 , 0.118974, 0.464557 
 443 , 20284.3429241 , 0.117508 , 0.118974, 0.464557 
 444 , 20318.2377791 , 0.117313 , 0.118974, 0.464557 
 445 , 20404.566833 , 0.118916 , 0.117955, 0.464641 
 446 , 20438.440007 , 0.119488 , 0.117955, 0.464641 
 447 , 20472.2882371 , 0.120077 , 0.117955, 0.464641 
 448 , 20506.076792 , 0.116343 , 0.117955, 0.464641 
 449 , 20539.8613091 , 0.117798 , 0.117955, 0.464641 
 450 , 20626.397753 , 0.119943 , 0.118513, 0.464877 
 451 , 20660.083148 , 0.118555 , 0.118513, 0.464877 
 452 , 20693.8460491 , 0.120672 , 0.118513, 0.464877 
 453 , 20727.7271199 , 0.119653 , 0.118513, 0.464877 
 454 , 20761.48435 , 0.117253 , 0.118513, 0.464877 
 455 , 20847.8887231 , 0.120766 , 0.117749, 0.465032 
 456 , 20881.6881711 , 0.116497 , 0.117749, 0.465032 
 457 , 20915.529798 , 0.117972 , 0.117749, 0.465032 
 458 , 20949.2694151 , 0.115849 , 0.117749, 0.465032 
 459 , 20983.0391521 , 0.117435 , 0.117749, 0.465032 
 460 , 21069.6183929 , 0.117489 , 0.118723, 0.465032 
 461 , 21103.4906871 , 0.119616 , 0.118723, 0.465032 
 462 , 21137.2731571 , 0.11865 , 0.118723, 0.465032 
 463 , 21171.0120761 , 0.117034 , 0.118723, 0.465032 
 464 , 21204.7896709 , 0.118783 , 0.118723, 0.465032 
 465 , 21291.214813 , 0.120199 , 0.119633, 0.465201 
 466 , 21325.058774 , 0.117682 , 0.119633, 0.465201 
 467 , 21358.8902709 , 0.114772 , 0.119633, 0.465201 
 468 , 21392.6623681 , 0.119528 , 0.119633, 0.465201 
 469 , 21426.3970912 , 0.117277 , 0.119633, 0.465201 
 470 , 21512.735523 , 0.119305 , 0.118909, 0.465313 
 471 , 21546.6815901 , 0.121035 , 0.118909, 0.465313 
 472 , 21580.562506 , 0.114616 , 0.118909, 0.465313 
 473 , 21614.333988 , 0.119008 , 0.118909, 0.465313 
 474 , 21648.118674 , 0.116662 , 0.118909, 0.465313 
 475 , 21734.5412331 , 0.120532 , 0.118584, 0.465124 
 476 , 21768.4105539 , 0.120035 , 0.118584, 0.465124 
 477 , 21802.1886699 , 0.120348 , 0.118584, 0.465124 
 478 , 21836.1303461 , 0.120339 , 0.118584, 0.465124 
 479 , 21869.9639931 , 0.116761 , 0.118584, 0.465124 
 480 , 21956.3830521 , 0.11851 , 0.118279, 0.464817 
 481 , 21990.5633991 , 0.118316 , 0.118279, 0.464817 
 482 , 22024.18378 , 0.115639 , 0.118279, 0.464817 
 483 , 22058.0024781 , 0.114623 , 0.118279, 0.464817 
 484 , 22091.8424029 , 0.119945 , 0.118279, 0.464817 
 485 , 22178.338855 , 0.116689 , 0.11906, 0.465572 
 486 , 22212.3517621 , 0.117116 , 0.11906, 0.465572 
 487 , 22246.1234879 , 0.118365 , 0.11906, 0.465572 
 488 , 22279.9563441 , 0.117249 , 0.11906, 0.465572 
 489 , 22313.7349119 , 0.117451 , 0.11906, 0.465572 
 490 , 22400.215915 , 0.121213 , 0.117711, 0.464465 
 491 , 22434.0852301 , 0.119207 , 0.117711, 0.464465 
 492 , 22468.106024 , 0.117413 , 0.117711, 0.464465 
 493 , 22501.97225 , 0.117411 , 0.117711, 0.464465 
 494 , 22535.847497 , 0.117624 , 0.117711, 0.464465 
 495 , 22622.319432 , 0.118981 , 0.118828, 0.465061 
 496 , 22656.2221379 , 0.115916 , 0.118828, 0.465061 
 497 , 22690.0765421 , 0.119278 , 0.118828, 0.465061 
 498 , 22723.989609 , 0.118659 , 0.118828, 0.465061 
 499 , 22758.0653551 , 0.119299 , 0.118828, 0.465061 
 500 , 22844.657047 , 0.11784 , 0.118732, 0.46427 
 501 , 22878.6821179 , 0.116596 , 0.118732, 0.46427 
 502 , 22912.691946 , 0.117997 , 0.118732, 0.46427 
 503 , 22946.4650531 , 0.117199 , 0.118732, 0.46427 
 504 , 22980.3110981 , 0.116731 , 0.118732, 0.46427 
 505 , 23066.7740932 , 0.1169 , 0.118045, 0.464101 
 506 , 23100.6659081 , 0.116044 , 0.118045, 0.464101 
 507 , 23134.579581 , 0.121528 , 0.118045, 0.464101 
 508 , 23168.6099961 , 0.11566 , 0.118045, 0.464101 
 509 , 23202.49207 , 0.11694 , 0.118045, 0.464101 
 510 , 23289.1475761 , 0.117325 , 0.12116, 0.465884 
 511 , 23323.0720181 , 0.120375 , 0.12116, 0.465884 
 512 , 23357.040072 , 0.118117 , 0.12116, 0.465884 
 513 , 23390.843111 , 0.121258 , 0.12116, 0.465884 
 514 , 23424.8025951 , 0.117788 , 0.12116, 0.465884 
 515 , 23511.3654749 , 0.120058 , 0.117175, 0.464861 
 516 , 23545.2556171 , 0.116842 , 0.117175, 0.464861 
 517 , 23579.1972921 , 0.114568 , 0.117175, 0.464861 
 518 , 23613.1179271 , 0.119248 , 0.117175, 0.464861 
 519 , 23647.0533071 , 0.120867 , 0.117175, 0.464861 
 520 , 23733.613065 , 0.118026 , 0.117478, 0.464854 
 521 , 23767.6312981 , 0.118032 , 0.117478, 0.464854 
 522 , 23801.6540999 , 0.118998 , 0.117478, 0.464854 
 523 , 23836.233506 , 0.117247 , 0.117478, 0.464854 
 524 , 23870.0379009 , 0.117688 , 0.117478, 0.464854 
 525 , 23956.519628 , 0.121729 , 0.119828, 0.466161 
 526 , 23990.3666689 , 0.116566 , 0.119828, 0.466161 
 527 , 24024.2984309 , 0.119157 , 0.119828, 0.466161 
 528 , 24058.169632 , 0.11774 , 0.119828, 0.466161 
 529 , 24092.107424 , 0.119279 , 0.119828, 0.466161 
 530 , 24178.53723 , 0.114695 , 0.118427, 0.465777 
 531 , 24212.405206 , 0.11665 , 0.118427, 0.465777 
 532 , 24246.3559589 , 0.114983 , 0.118427, 0.465777 
 533 , 24280.3124449 , 0.117021 , 0.118427, 0.465777 
 534 , 24314.2873662 , 0.120242 , 0.118427, 0.465777 
 535 , 24400.9513571 , 0.118938 , 0.117562, 0.465148 
 536 , 24434.8127441 , 0.115758 , 0.117562, 0.465148 
 537 , 24468.5276451 , 0.120272 , 0.117562, 0.465148 
 538 , 24502.464756 , 0.116979 , 0.117562, 0.465148 
 539 , 24536.2563741 , 0.117204 , 0.117562, 0.465148 
 540 , 24622.8773391 , 0.118589 , 0.118279, 0.466162 
 541 , 24656.7326841 , 0.117944 , 0.118279, 0.466162 
 542 , 24690.6159961 , 0.117603 , 0.118279, 0.466162 
 543 , 24724.4469609 , 0.116406 , 0.118279, 0.466162 
 544 , 24758.3819051 , 0.117444 , 0.118279, 0.466162 
 545 , 24844.841274 , 0.117174 , 0.121726, 0.466635 
 546 , 24878.8305449 , 0.117239 , 0.121726, 0.466635 
 547 , 24912.6299071 , 0.11784 , 0.121726, 0.466635 
 548 , 24946.501714 , 0.121001 , 0.121726, 0.466635 
 549 , 24980.285836 , 0.115695 , 0.121726, 0.466635 
 550 , 25066.8032839 , 0.116577 , 0.117543, 0.464295 
 551 , 25100.6714761 , 0.118304 , 0.117543, 0.464295 
 552 , 25134.490298 , 0.121549 , 0.117543, 0.464295 
 553 , 25168.2856879 , 0.116872 , 0.117543, 0.464295 
 554 , 25202.2017791 , 0.118773 , 0.117543, 0.464295 
 555 , 25288.693691 , 0.116067 , 0.116143, 0.463792 
 556 , 25322.6190641 , 0.117529 , 0.116143, 0.463792 
 557 , 25356.556627 , 0.119675 , 0.116143, 0.463792 
 558 , 25390.544127 , 0.115682 , 0.116143, 0.463792 
 559 , 25424.3807261 , 0.119543 , 0.116143, 0.463792 
 560 , 25510.9737451 , 0.115814 , 0.118914, 0.466115 
 561 , 25544.67327 , 0.115761 , 0.118914, 0.466115 
 562 , 25578.5590711 , 0.115772 , 0.118914, 0.466115 
 563 , 25612.377037 , 0.120133 , 0.118914, 0.466115 
 564 , 25646.2409689 , 0.118693 , 0.118914, 0.466115 
 565 , 25732.775214 , 0.117369 , 0.117174, 0.463844 
 566 , 25766.666363 , 0.118585 , 0.117174, 0.463844 
 567 , 25800.643904 , 0.116666 , 0.117174, 0.463844 
 568 , 25834.524303 , 0.115628 , 0.117174, 0.463844 
 569 , 25868.554378 , 0.117357 , 0.117174, 0.463844 
 570 , 25955.0496371 , 0.116425 , 0.118217, 0.46396 
 571 , 25989.010468 , 0.121509 , 0.118217, 0.46396 
 572 , 26022.9695091 , 0.118433 , 0.118217, 0.46396 
 573 , 26056.7028539 , 0.115436 , 0.118217, 0.46396 
 574 , 26090.5785601 , 0.116213 , 0.118217, 0.46396 
 575 , 26177.200702 , 0.117563 , 0.118237, 0.464741 
 576 , 26210.887949 , 0.116436 , 0.118237, 0.464741 
 577 , 26244.7765701 , 0.114529 , 0.118237, 0.464741 
 578 , 26278.5669341 , 0.114643 , 0.118237, 0.464741 
 579 , 26312.430501 , 0.116965 , 0.118237, 0.464741 
 580 , 26398.8204691 , 0.119112 , 0.117086, 0.464959 
 581 , 26432.814887 , 0.118487 , 0.117086, 0.464959 
 582 , 26466.4533219 , 0.116578 , 0.117086, 0.464959 
 583 , 26500.2742779 , 0.116395 , 0.117086, 0.464959 
 584 , 26534.039953 , 0.118767 , 0.117086, 0.464959 
 585 , 26620.513629 , 0.11674 , 0.117873, 0.464081 
 586 , 26654.487788 , 0.116186 , 0.117873, 0.464081 
 587 , 26688.391355 , 0.117082 , 0.117873, 0.464081 
 588 , 26722.2240939 , 0.118064 , 0.117873, 0.464081 
 589 , 26756.1277621 , 0.118572 , 0.117873, 0.464081 
 590 , 26842.7848761 , 0.11512 , 0.118178, 0.465391 
 591 , 26876.6715121 , 0.120434 , 0.118178, 0.465391 
 592 , 26910.5466871 , 0.117893 , 0.118178, 0.465391 
 593 , 26944.635736 , 0.11709 , 0.118178, 0.465391 
 594 , 26978.5409751 , 0.116462 , 0.118178, 0.465391 
 595 , 27064.999475 , 0.115733 , 0.118274, 0.464871 
 596 , 27098.8764961 , 0.116479 , 0.118274, 0.464871 
 597 , 27132.8503571 , 0.12081 , 0.118274, 0.464871 
 598 , 27166.7266691 , 0.115258 , 0.118274, 0.464871 
 599 , 27200.4707541 , 0.118329 , 0.118274, 0.464871 
 600 , 27286.937171 , 0.119481 , 0.119274, 0.465266 
 601 , 27320.9689851 , 0.118965 , 0.119274, 0.465266 
 602 , 27354.887279 , 0.116572 , 0.119274, 0.465266 
 603 , 27388.8563449 , 0.117553 , 0.119274, 0.465266 
 604 , 27422.8029981 , 0.118134 , 0.119274, 0.465266 
 605 , 27509.3017659 , 0.114889 , 0.118376, 0.461795 
 606 , 27543.305016 , 0.119568 , 0.118376, 0.461795 
 607 , 27577.245338 , 0.11829 , 0.118376, 0.461795 
 608 , 27611.2507792 , 0.115912 , 0.118376, 0.461795 
 609 , 27645.128082 , 0.116918 , 0.118376, 0.461795 
 610 , 27731.7020559 , 0.116317 , 0.118383, 0.461723 
 611 , 27765.821038 , 0.114566 , 0.118383, 0.461723 
 612 , 27799.7513461 , 0.117595 , 0.118383, 0.461723 
 613 , 27833.644748 , 0.119474 , 0.118383, 0.461723 
 614 , 27867.4826891 , 0.115244 , 0.118383, 0.461723 
 615 , 27954.073401 , 0.115797 , 0.118565, 0.462904 
 616 , 27988.116924 , 0.118883 , 0.118565, 0.462904 
 617 , 28022.127816 , 0.117958 , 0.118565, 0.462904 
 618 , 28056.0145891 , 0.116055 , 0.118565, 0.462904 
 619 , 28089.944684 , 0.116955 , 0.118565, 0.462904 
 620 , 28176.5002179 , 0.116753 , 0.117789, 0.463509 
 621 , 28210.4302011 , 0.118301 , 0.117789, 0.463509 
 622 , 28244.4453051 , 0.114951 , 0.117789, 0.463509 
 623 , 28278.345485 , 0.11678 , 0.117789, 0.463509 
 624 , 28312.354959 , 0.114334 , 0.117789, 0.463509 
 625 , 28399.0231509 , 0.114578 , 0.118011, 0.46314 
 626 , 28432.885592 , 0.116722 , 0.118011, 0.46314 
 627 , 28466.8159621 , 0.116887 , 0.118011, 0.46314 
 628 , 28500.733289 , 0.11826 , 0.118011, 0.46314 
 629 , 28534.702425 , 0.11674 , 0.118011, 0.46314 
 630 , 28621.31037 , 0.120206 , 0.118874, 0.464002 
 631 , 28655.405988 , 0.119928 , 0.118874, 0.464002 
 632 , 28689.457289 , 0.116654 , 0.118874, 0.464002 
 633 , 28723.4084849 , 0.116752 , 0.118874, 0.464002 
 634 , 28757.339345 , 0.117524 , 0.118874, 0.464002 
 635 , 28844.0572569 , 0.117514 , 0.11719, 0.462622 
 636 , 28878.1541781 , 0.116057 , 0.11719, 0.462622 
 637 , 28912.2179351 , 0.117296 , 0.11719, 0.462622 
 638 , 28946.3137681 , 0.115524 , 0.11719, 0.462622 
 639 , 28980.526365 , 0.115582 , 0.11719, 0.462622 
 640 , 29067.074508 , 0.116348 , 0.118207, 0.462765 
 641 , 29101.064369 , 0.115888 , 0.118207, 0.462765 
 642 , 29135.178854 , 0.116033 , 0.118207, 0.462765 
 643 , 29169.200892 , 0.117506 , 0.118207, 0.462765 
 644 , 29203.3637431 , 0.116262 , 0.118207, 0.462765 
 645 , 29290.1589739 , 0.119371 , 0.11799, 0.460903 
 646 , 29324.222816 , 0.118589 , 0.11799, 0.460903 
 647 , 29358.3574371 , 0.117699 , 0.11799, 0.460903 
 648 , 29392.327949 , 0.115705 , 0.11799, 0.460903 
 649 , 29426.163739 , 0.117261 , 0.11799, 0.460903 
 650 , 29512.775696 , 0.1166 , 0.118187, 0.460769 
 651 , 29546.879591 , 0.118611 , 0.118187, 0.460769 
 652 , 29580.8824329 , 0.117541 , 0.118187, 0.460769 
 653 , 29614.994221 , 0.114472 , 0.118187, 0.460769 
 654 , 29649.0411181 , 0.116383 , 0.118187, 0.460769 
 655 , 29735.6132131 , 0.116488 , 0.117677, 0.460678 
 656 , 29769.551038 , 0.118248 , 0.117677, 0.460678 
 657 , 29803.6622531 , 0.11588 , 0.117677, 0.460678 
 658 , 29837.5759711 , 0.118337 , 0.117677, 0.460678 
 659 , 29871.472919 , 0.117798 , 0.117677, 0.460678 
 660 , 29958.0970151 , 0.118297 , 0.116968, 0.460958 
 661 , 29992.162308 , 0.113839 , 0.116968, 0.460958 
 662 , 30026.1949492 , 0.117448 , 0.116968, 0.460958 
 663 , 30060.2227571 , 0.117167 , 0.116968, 0.460958 
 664 , 30094.2555661 , 0.116204 , 0.116968, 0.460958 
 665 , 30180.66682 , 0.118503 , 0.11655, 0.460655 
 666 , 30214.8401651 , 0.116648 , 0.11655, 0.460655 
 667 , 30248.7086551 , 0.118081 , 0.11655, 0.460655 
 668 , 30282.8597291 , 0.118033 , 0.11655, 0.460655 
 669 , 30316.749064 , 0.115809 , 0.11655, 0.460655 
 670 , 30403.2136819 , 0.115397 , 0.116121, 0.460824 
 671 , 30437.266217 , 0.115739 , 0.116121, 0.460824 
 672 , 30471.2223849 , 0.118242 , 0.116121, 0.460824 
 673 , 30505.236829 , 0.111898 , 0.116121, 0.460824 
 674 , 30539.1681609 , 0.11779 , 0.116121, 0.460824 
 675 , 30625.7754681 , 0.114907 , 0.117644, 0.460947 
 676 , 30659.80709 , 0.114374 , 0.117644, 0.460947 
 677 , 30693.7751391 , 0.113742 , 0.117644, 0.460947 
 678 , 30727.7751071 , 0.116886 , 0.117644, 0.460947 
 679 , 30761.7875221 , 0.116244 , 0.117644, 0.460947 
 680 , 30848.3761241 , 0.115386 , 0.117646, 0.461344 
 681 , 30882.391433 , 0.114541 , 0.117646, 0.461344 
 682 , 30916.5309241 , 0.116815 , 0.117646, 0.461344 
 683 , 30950.6273429 , 0.116689 , 0.117646, 0.461344 
 684 , 30984.7079351 , 0.115515 , 0.117646, 0.461344 
 685 , 31071.9780571 , 0.117744 , 0.116526, 0.460495 
 686 , 31105.8424339 , 0.11621 , 0.116526, 0.460495 
 687 , 31139.8984361 , 0.111854 , 0.116526, 0.460495 
 688 , 31173.941426 , 0.114024 , 0.116526, 0.460495 
 689 , 31208.0200701 , 0.115126 , 0.116526, 0.460495 
 690 , 31294.4462471 , 0.116662 , 0.116444, 0.460472 
 691 , 31328.3844211 , 0.117594 , 0.116444, 0.460472 
 692 , 31362.2719691 , 0.118039 , 0.116444, 0.460472 
 693 , 31396.2218261 , 0.118035 , 0.116444, 0.460472 
 694 , 31430.295604 , 0.118045 , 0.116444, 0.460472 
 695 , 31517.0213211 , 0.115645 , 0.119122, 0.461789 
 696 , 31551.029578 , 0.115587 , 0.119122, 0.461789 
 697 , 31585.0354211 , 0.11594 , 0.119122, 0.461789 
 698 , 31619.065367 , 0.116064 , 0.119122, 0.461789 
 699 , 31653.036865 , 0.11746 , 0.119122, 0.461789 
 700 , 31739.5025501 , 0.115825 , 0.116895, 0.460413 
 701 , 31773.4744442 , 0.118971 , 0.116895, 0.460413 
 702 , 31807.3110139 , 0.115952 , 0.116895, 0.460413 
 703 , 31841.019311 , 0.115904 , 0.116895, 0.460413 
 704 , 31875.0514581 , 0.118306 , 0.116895, 0.460413 
 705 , 31961.4412889 , 0.115819 , 0.117073, 0.460344 
 706 , 31995.243573 , 0.11856 , 0.117073, 0.460344 
 707 , 32029.1417229 , 0.117836 , 0.117073, 0.460344 
 708 , 32063.1220081 , 0.113042 , 0.117073, 0.460344 
 709 , 32097.14887 , 0.116865 , 0.117073, 0.460344 
 710 , 32183.6829991 , 0.117923 , 0.116498, 0.46054 
 711 , 32217.5483301 , 0.115937 , 0.116498, 0.46054 
 712 , 32251.523993 , 0.118005 , 0.116498, 0.46054 
 713 , 32285.5092051 , 0.116889 , 0.116498, 0.46054 
 714 , 32319.5670021 , 0.11718 , 0.116498, 0.46054 
 715 , 32406.2606699 , 0.115994 , 0.117225, 0.460895 
 716 , 32440.250005 , 0.114509 , 0.117225, 0.460895 
 717 , 32474.3541021 , 0.119178 , 0.117225, 0.460895 
 718 , 32508.3895559 , 0.116881 , 0.117225, 0.460895 
 719 , 32542.4382901 , 0.115587 , 0.117225, 0.460895 
 720 , 32629.0600851 , 0.114331 , 0.11804, 0.460299 
 721 , 32663.1457171 , 0.115256 , 0.11804, 0.460299 
 722 , 32697.054965 , 0.114917 , 0.11804, 0.460299 
 723 , 32731.015384 , 0.11526 , 0.11804, 0.460299 
 724 , 32764.8062329 , 0.118492 , 0.11804, 0.460299 
 725 , 32851.4872711 , 0.11307 , 0.117694, 0.460922 
 726 , 32885.383352 , 0.114694 , 0.117694, 0.460922 
 727 , 32919.4374561 , 0.119124 , 0.117694, 0.460922 
 728 , 32953.264488 , 0.117217 , 0.117694, 0.460922 
 729 , 32987.3372421 , 0.118007 , 0.117694, 0.460922 
 730 , 33073.9900379 , 0.116873 , 0.117806, 0.46168 
 731 , 33107.9531431 , 0.115857 , 0.117806, 0.46168 
 732 , 33141.895292 , 0.11667 , 0.117806, 0.46168 
 733 , 33175.937134 , 0.115956 , 0.117806, 0.46168 
 734 , 33209.9653361 , 0.118254 , 0.117806, 0.46168 
 735 , 33296.6037331 , 0.112833 , 0.117906, 0.460817 
 736 , 33330.573765 , 0.117574 , 0.117906, 0.460817 
 737 , 33364.475692 , 0.116098 , 0.117906, 0.460817 
 738 , 33398.512198 , 0.11758 , 0.117906, 0.460817 
 739 , 33432.427397 , 0.117577 , 0.117906, 0.460817 
 740 , 33518.8085611 , 0.119495 , 0.117293, 0.460523 
 741 , 33552.8573041 , 0.117628 , 0.117293, 0.460523 
 742 , 33586.5827801 , 0.116403 , 0.117293, 0.460523 
 743 , 33620.5540001 , 0.116187 , 0.117293, 0.460523 
 744 , 33654.696219 , 0.116198 , 0.117293, 0.460523 
 745 , 33741.136699 , 0.115148 , 0.116515, 0.460132 
 746 , 33774.9116561 , 0.114025 , 0.116515, 0.460132 
 747 , 33808.6274681 , 0.118018 , 0.116515, 0.460132 
 748 , 33842.3355131 , 0.11372 , 0.116515, 0.460132 
 749 , 33876.1973231 , 0.116766 , 0.116515, 0.460132 
 750 , 33962.631686 , 0.113436 , 0.117098, 0.460754 
 751 , 33996.4374151 , 0.116396 , 0.117098, 0.460754 
 752 , 34030.3811471 , 0.116969 , 0.117098, 0.460754 
 753 , 34064.096359 , 0.116674 , 0.117098, 0.460754 
 754 , 34097.992837 , 0.113192 , 0.117098, 0.460754 
 755 , 34184.429553 , 0.114627 , 0.117189, 0.460166 
 756 , 34218.4030871 , 0.116879 , 0.117189, 0.460166 
 757 , 34252.1160371 , 0.11567 , 0.117189, 0.460166 
 758 , 34286.088691 , 0.117617 , 0.117189, 0.460166 
 759 , 34319.977092 , 0.114824 , 0.117189, 0.460166 
 760 , 34406.4057581 , 0.114281 , 0.117066, 0.460523 
 761 , 34440.252789 , 0.115909 , 0.117066, 0.460523 
 762 , 34474.1632581 , 0.118234 , 0.117066, 0.460523 
 763 , 34507.994617 , 0.116482 , 0.117066, 0.460523 
 764 , 34541.9328129 , 0.11526 , 0.117066, 0.460523 
 765 , 34628.643769 , 0.113501 , 0.117232, 0.460216 
 766 , 34662.4208419 , 0.115398 , 0.117232, 0.460216 
 767 , 34696.2957411 , 0.114427 , 0.117232, 0.460216 
 768 , 34730.20714 , 0.116429 , 0.117232, 0.460216 
 769 , 34764.4042871 , 0.117641 , 0.117232, 0.460216 
 770 , 34851.0180721 , 0.115067 , 0.11686, 0.460972 
 771 , 34885.0301411 , 0.115435 , 0.11686, 0.460972 
 772 , 34918.965626 , 0.116399 , 0.11686, 0.460972 
 773 , 34952.931644 , 0.116219 , 0.11686, 0.460972 
 774 , 34986.6987631 , 0.117695 , 0.11686, 0.460972 
 775 , 35073.083746 , 0.114277 , 0.115898, 0.460782 
 776 , 35106.849978 , 0.112945 , 0.115898, 0.460782 
 777 , 35140.8303461 , 0.115767 , 0.115898, 0.460782 
 778 , 35174.8009331 , 0.116068 , 0.115898, 0.460782 
 779 , 35208.694294 , 0.115269 , 0.115898, 0.460782 
 780 , 35295.2253811 , 0.115397 , 0.116804, 0.460703 
 781 , 35329.0989451 , 0.11836 , 0.116804, 0.460703 
 782 , 35362.9493511 , 0.11804 , 0.116804, 0.460703 
 783 , 35396.6693909 , 0.115008 , 0.116804, 0.460703 
 784 , 35430.635102 , 0.117631 , 0.116804, 0.460703 
 785 , 35517.262763 , 0.11778 , 0.119694, 0.462664 
 786 , 35551.0897779 , 0.115851 , 0.119694, 0.462664 
 787 , 35584.9937851 , 0.115684 , 0.119694, 0.462664 
 788 , 35618.960072 , 0.115086 , 0.119694, 0.462664 
 789 , 35652.7380421 , 0.118854 , 0.119694, 0.462664 
 790 , 35739.1182251 , 0.116412 , 0.117301, 0.460967 
 791 , 35773.105546 , 0.115524 , 0.117301, 0.460967 
 792 , 35807.004246 , 0.116974 , 0.117301, 0.460967 
 793 , 35840.865437 , 0.114014 , 0.117301, 0.460967 
 794 , 35874.6666481 , 0.115115 , 0.117301, 0.460967 
 795 , 35961.2618589 , 0.116924 , 0.118031, 0.460883 
 796 , 35995.1610641 , 0.112427 , 0.118031, 0.460883 
 797 , 36029.1116781 , 0.114924 , 0.118031, 0.460883 
 798 , 36063.11849 , 0.115241 , 0.118031, 0.460883 
 799 , 36097.029151 , 0.112605 , 0.118031, 0.460883 
 800 , 36183.6831651 , 0.115831 , 0.117423, 0.461787 
 801 , 36217.6440501 , 0.113807 , 0.117423, 0.461787 
 802 , 36251.555485 , 0.115898 , 0.117423, 0.461787 
 803 , 36285.4633811 , 0.117797 , 0.117423, 0.461787 
 804 , 36319.38743 , 0.113967 , 0.117423, 0.461787 
 805 , 36406.0970249 , 0.114672 , 0.120646, 0.461165 
 806 , 36440.1442931 , 0.115991 , 0.120646, 0.461165 
 807 , 36473.896647 , 0.113979 , 0.120646, 0.461165 
 808 , 36507.738132 , 0.117203 , 0.120646, 0.461165 
 809 , 36541.532537 , 0.116508 , 0.120646, 0.461165 
 810 , 36627.9755411 , 0.113365 , 0.119133, 0.460866 
 811 , 36661.6956329 , 0.115353 , 0.119133, 0.460866 
 812 , 36695.312923 , 0.115114 , 0.119133, 0.460866 
 813 , 36728.941952 , 0.112939 , 0.119133, 0.460866 
 814 , 36762.845104 , 0.116174 , 0.119133, 0.460866 
 815 , 36849.2949011 , 0.116997 , 0.11592, 0.461429 
 816 , 36883.1062181 , 0.114602 , 0.11592, 0.461429 
 817 , 36917.011699 , 0.116213 , 0.11592, 0.461429 
 818 , 36950.8129351 , 0.116566 , 0.11592, 0.461429 
 819 , 36984.7366509 , 0.116762 , 0.11592, 0.461429 
 820 , 37071.1576571 , 0.114506 , 0.116738, 0.460991 
 821 , 37105.0839791 , 0.115864 , 0.116738, 0.460991 
 822 , 37138.9233589 , 0.117591 , 0.116738, 0.460991 
 823 , 37172.7385039 , 0.11301 , 0.116738, 0.460991 
 824 , 37206.6096289 , 0.113724 , 0.116738, 0.460991 
 825 , 37293.0740311 , 0.115736 , 0.120846, 0.46154 
 826 , 37326.9660571 , 0.114529 , 0.120846, 0.46154 
 827 , 37360.8460121 , 0.115032 , 0.120846, 0.46154 
 828 , 37394.6346049 , 0.116686 , 0.120846, 0.46154 
 829 , 37428.4693391 , 0.117398 , 0.120846, 0.46154 
 830 , 37514.888674 , 0.11791 , 0.118322, 0.46179 
 831 , 37548.747617 , 0.115706 , 0.118322, 0.46179 
 832 , 37582.658056 , 0.116663 , 0.118322, 0.46179 
 833 , 37616.416527 , 0.115731 , 0.118322, 0.46179 
 834 , 37650.2571971 , 0.116346 , 0.118322, 0.46179 
 835 , 37736.6697991 , 0.113484 , 0.116657, 0.460695 
 836 , 37770.319665 , 0.116522 , 0.116657, 0.460695 
 837 , 37804.074024 , 0.114543 , 0.116657, 0.460695 
 838 , 37837.996136 , 0.118788 , 0.116657, 0.460695 
 839 , 37871.771683 , 0.114434 , 0.116657, 0.460695 
 840 , 37958.1977069 , 0.11564 , 0.117854, 0.461239 
 841 , 37992.0868549 , 0.116969 , 0.117854, 0.461239 
 842 , 38025.9429159 , 0.114069 , 0.117854, 0.461239 
 843 , 38059.7778239 , 0.11379 , 0.117854, 0.461239 
 844 , 38093.439028 , 0.114905 , 0.117854, 0.461239 
 845 , 38179.804888 , 0.113205 , 0.117088, 0.460734 
 846 , 38213.538661 , 0.118182 , 0.117088, 0.460734 
 847 , 38247.271343 , 0.117706 , 0.117088, 0.460734 
 848 , 38280.9950981 , 0.116326 , 0.117088, 0.460734 
 849 , 38314.6402671 , 0.115623 , 0.117088, 0.460734 
 850 , 38401.02143 , 0.114682 , 0.117893, 0.460795 
 851 , 38434.7897701 , 0.117582 , 0.117893, 0.460795 
 852 , 38468.608058 , 0.114407 , 0.117893, 0.460795 
 853 , 38502.3959401 , 0.11717 , 0.117893, 0.460795 
 854 , 38536.109386 , 0.115099 , 0.117893, 0.460795 
 855 , 38622.5823641 , 0.11535 , 0.117203, 0.461249 
 856 , 38656.3072071 , 0.116711 , 0.117203, 0.461249 
 857 , 38690.285265 , 0.114265 , 0.117203, 0.461249 
 858 , 38723.872973 , 0.115253 , 0.117203, 0.461249 
 859 , 38757.7159979 , 0.117696 , 0.117203, 0.461249 
 860 , 38844.1143641 , 0.114583 , 0.118788, 0.46055 
 861 , 38877.8052671 , 0.115116 , 0.118788, 0.46055 
 862 , 38911.6844749 , 0.114589 , 0.118788, 0.46055 
 863 , 38945.574297 , 0.117358 , 0.118788, 0.46055 
 864 , 38979.270957 , 0.11894 , 0.118788, 0.46055 
 865 , 39065.8071651 , 0.112775 , 0.118153, 0.46049 
 866 , 39099.5944149 , 0.118678 , 0.118153, 0.46049 
 867 , 39133.32335 , 0.116932 , 0.118153, 0.46049 
 868 , 39167.2153461 , 0.115476 , 0.118153, 0.46049 
 869 , 39201.103898 , 0.115977 , 0.118153, 0.46049 
 870 , 39287.580384 , 0.115714 , 0.118668, 0.463689 
 871 , 39321.4209051 , 0.116542 , 0.118668, 0.463689 
 872 , 39355.12502 , 0.113962 , 0.118668, 0.463689 
 873 , 39388.879384 , 0.116705 , 0.118668, 0.463689 
 874 , 39422.6333041 , 0.113286 , 0.118668, 0.463689 
 875 , 39508.9057641 , 0.11152 , 0.117437, 0.461158 
 876 , 39542.7359869 , 0.114704 , 0.117437, 0.461158 
 877 , 39576.6382351 , 0.115282 , 0.117437, 0.461158 
 878 , 39610.5747211 , 0.117248 , 0.117437, 0.461158 
 879 , 39644.4012561 , 0.115582 , 0.117437, 0.461158 
 880 , 39730.7096391 , 0.114375 , 0.116903, 0.46037 
 881 , 39764.6396019 , 0.115448 , 0.116903, 0.46037 
 882 , 39798.375416 , 0.113945 , 0.116903, 0.46037 
 883 , 39832.421737 , 0.113721 , 0.116903, 0.46037 
 884 , 39866.196384 , 0.114993 , 0.116903, 0.46037 
 885 , 39952.4444721 , 0.111758 , 0.115805, 0.460855 
 886 , 39986.4408011 , 0.116651 , 0.115805, 0.460855 
 887 , 40021.1151471 , 0.119974 , 0.115805, 0.460855 
 888 , 40054.9300191 , 0.115359 , 0.115805, 0.460855 
 889 , 40088.71608 , 0.115424 , 0.115805, 0.460855 
 890 , 40175.2898221 , 0.116162 , 0.11754, 0.460423 
 891 , 40209.2085271 , 0.115892 , 0.11754, 0.460423 
 892 , 40243.203424 , 0.11579 , 0.11754, 0.460423 
 893 , 40277.106312 , 0.116448 , 0.11754, 0.460423 
 894 , 40310.959923 , 0.11374 , 0.11754, 0.460423 
 895 , 40397.3722501 , 0.117594 , 0.11768, 0.46023 
 896 , 40431.425056 , 0.113723 , 0.11768, 0.46023 
 897 , 40465.276248 , 0.117064 , 0.11768, 0.46023 
 898 , 40499.420953 , 0.11589 , 0.11768, 0.46023 
 899 , 40533.319514 , 0.114798 , 0.11768, 0.46023 
 900 , 40619.583833 , 0.113736 , 0.117876, 0.460496 
 901 , 40653.612721 , 0.115791 , 0.117876, 0.460496 
 902 , 40687.4727621 , 0.116634 , 0.117876, 0.460496 
 903 , 40721.3408561 , 0.116654 , 0.117876, 0.460496 
 904 , 40754.9735501 , 0.115352 , 0.117876, 0.460496 
 905 , 40841.4683931 , 0.113166 , 0.116235, 0.46103 
 906 , 40875.335573 , 0.112166 , 0.116235, 0.46103 
 907 , 40909.1542161 , 0.117211 , 0.116235, 0.46103 
 908 , 40943.1781511 , 0.113979 , 0.116235, 0.46103 
 909 , 40977.0516222 , 0.115246 , 0.116235, 0.46103 
 910 , 41063.5861549 , 0.113553 , 0.116979, 0.460155 
 911 , 41097.483707 , 0.114538 , 0.116979, 0.460155 
 912 , 41131.2245259 , 0.11197 , 0.116979, 0.460155 
 913 , 41165.118489 , 0.114531 , 0.116979, 0.460155 
 914 , 41198.8051929 , 0.115227 , 0.116979, 0.460155 
 915 , 41285.2477121 , 0.114293 , 0.116678, 0.460917 
 916 , 41319.121279 , 0.114643 , 0.116678, 0.460917 
 917 , 41353.05445 , 0.115133 , 0.116678, 0.460917 
 918 , 41387.025737 , 0.117012 , 0.116678, 0.460917 
 919 , 41420.8528881 , 0.117625 , 0.116678, 0.460917 
 920 , 41507.234396 , 0.115732 , 0.11781, 0.461266 
 921 , 41541.1500251 , 0.114413 , 0.11781, 0.461266 
 922 , 41575.0298769 , 0.114388 , 0.11781, 0.461266 
 923 , 41608.9401541 , 0.113461 , 0.11781, 0.461266 
 924 , 41642.792258 , 0.118631 , 0.11781, 0.461266 
 925 , 41729.3518891 , 0.114668 , 0.116889, 0.459883 
 926 , 41763.1938181 , 0.115158 , 0.116889, 0.459883 
 927 , 41796.846256 , 0.114426 , 0.116889, 0.459883 
 928 , 41831.242106 , 0.11459 , 0.116889, 0.459883 
 929 , 41865.0197601 , 0.115014 , 0.116889, 0.459883 
 930 , 41951.4541011 , 0.112075 , 0.117486, 0.459487 
 931 , 41985.3719289 , 0.115257 , 0.117486, 0.459487 
 932 , 42019.173553 , 0.115233 , 0.117486, 0.459487 
 933 , 42053.0540121 , 0.113545 , 0.117486, 0.459487 
 934 , 42086.836004 , 0.115806 , 0.117486, 0.459487 
 935 , 42173.432147 , 0.114703 , 0.11721, 0.459673 
 936 , 42207.2694881 , 0.114712 , 0.11721, 0.459673 
 937 , 42240.9527609 , 0.114453 , 0.11721, 0.459673 
 938 , 42274.877403 , 0.116436 , 0.11721, 0.459673 
 939 , 42308.724395 , 0.115323 , 0.11721, 0.459673 
 940 , 42395.3663881 , 0.11604 , 0.11665, 0.4603 
 941 , 42429.3441432 , 0.114415 , 0.11665, 0.4603 
 942 , 42463.1071451 , 0.11224 , 0.11665, 0.4603 
 943 , 42497.2070851 , 0.115511 , 0.11665, 0.4603 
 944 , 42531.0329139 , 0.1144 , 0.11665, 0.4603 
 945 , 42617.4207611 , 0.115669 , 0.118456, 0.46111 
 946 , 42651.256613 , 0.115857 , 0.118456, 0.46111 
 947 , 42685.1780231 , 0.113504 , 0.118456, 0.46111 
 948 , 42719.021996 , 0.115805 , 0.118456, 0.46111 
 949 , 42753.0719399 , 0.114034 , 0.118456, 0.46111 
 950 , 42839.5365901 , 0.114403 , 0.117549, 0.459665 
 951 , 42873.5003481 , 0.112402 , 0.117549, 0.459665 
 952 , 42907.3374979 , 0.116546 , 0.117549, 0.459665 
 953 , 42941.322314 , 0.113366 , 0.117549, 0.459665 
 954 , 42975.2639802 , 0.117186 , 0.117549, 0.459665 
 955 , 43061.7097881 , 0.114636 , 0.117508, 0.461892 
 956 , 43095.494354 , 0.112253 , 0.117508, 0.461892 
 957 , 43129.380271 , 0.11554 , 0.117508, 0.461892 
 958 , 43163.1057351 , 0.114649 , 0.117508, 0.461892 
 959 , 43196.8772371 , 0.112656 , 0.117508, 0.461892 
 960 , 43283.401253 , 0.113991 , 0.115864, 0.460329 
 961 , 43317.2892711 , 0.113255 , 0.115864, 0.460329 
 962 , 43351.0513761 , 0.11508 , 0.115864, 0.460329 
 963 , 43384.9785931 , 0.114652 , 0.115864, 0.460329 
 964 , 43419.0669501 , 0.112952 , 0.115864, 0.460329 
 965 , 43505.6138849 , 0.115163 , 0.11693, 0.460062 
 966 , 43539.429002 , 0.113625 , 0.11693, 0.460062 
 967 , 43573.257555 , 0.114056 , 0.11693, 0.460062 
 968 , 43607.3240089 , 0.115349 , 0.11693, 0.460062 
 969 , 43641.3848641 , 0.115699 , 0.11693, 0.460062 
 970 , 43727.8490741 , 0.11446 , 0.117928, 0.460787 
 971 , 43761.8041801 , 0.115178 , 0.117928, 0.460787 
 972 , 43795.740603 , 0.114522 , 0.117928, 0.460787 
 973 , 43829.6414361 , 0.115147 , 0.117928, 0.460787 
 974 , 43863.5664291 , 0.114462 , 0.117928, 0.460787 
 975 , 43949.967396 , 0.113806 , 0.118817, 0.460733 
 976 , 43983.977489 , 0.116325 , 0.118817, 0.460733 
 977 , 44017.7712221 , 0.113771 , 0.118817, 0.460733 
 978 , 44051.8085501 , 0.116362 , 0.118817, 0.460733 
 979 , 44085.67187 , 0.112839 , 0.118817, 0.460733 
 980 , 44172.2082269 , 0.113178 , 0.117489, 0.460215 
 981 , 44206.169003 , 0.115991 , 0.117489, 0.460215 
 982 , 44240.1136391 , 0.113849 , 0.117489, 0.460215 
 983 , 44274.275985 , 0.115278 , 0.117489, 0.460215 
 984 , 44308.274508 , 0.11712 , 0.117489, 0.460215 
 985 , 44394.642514 , 0.115424 , 0.116371, 0.460434 
 986 , 44428.5473371 , 0.114277 , 0.116371, 0.460434 
 987 , 44462.2598441 , 0.114799 , 0.116371, 0.460434 
 988 , 44496.096741 , 0.114419 , 0.116371, 0.460434 
 989 , 44530.043684 , 0.114161 , 0.116371, 0.460434 
 990 , 44616.6588759 , 0.115571 , 0.117282, 0.46018 
 991 , 44650.468879 , 0.114259 , 0.117282, 0.46018 
 992 , 44684.329495 , 0.115552 , 0.117282, 0.46018 
 993 , 44718.1269059 , 0.11369 , 0.117282, 0.46018 
 994 , 44751.8998291 , 0.112255 , 0.117282, 0.46018 
 995 , 44838.306788 , 0.113814 , 0.1176, 0.459982 
 996 , 44872.259428 , 0.11352 , 0.1176, 0.459982 
 997 , 44906.1548951 , 0.114941 , 0.1176, 0.459982 
 998 , 44939.936779 , 0.114077 , 0.1176, 0.459982 
 999 , 44973.6947081 , 0.113648 , 0.1176, 0.459982 
 1000 , 45059.3353951 , 0.117038 , 0.117662, 0.462482 
#wRandFlip 
#The training is running for 1000 chunks, each with 1008 images. That are about 17 epochs. The validation sample contains 3078 images. 
#round  ,time, mean_train_loss , mean_valid_loss 
