#wRandFlip 
#The training is running for 1000 chunks, each with 1008 images. That are about 17 epochs. The validation sample contains 3078 images. 
#round  ,time, mean_train_loss , mean_valid_loss 
#  starting learning rate to 0.020000 
 1 , 50.3165829182 , 5.4315 , 0.0, 0.0 
 2 , 86.2071628571 , 2.78704 , 0.0, 0.0 
 3 , 124.654271841 , 2.79958 , 0.0, 0.0 
 4 , 160.831137896 , 2.78488 , 0.0, 0.0 
#Free GPU Mem after validation step 305.0625 MiB 
 5 , 254.398484945 , 2.80433 , 0.0, 0.0 
 6 , 290.475131035 , 2.81643 , 0.0, 0.0 
 7 , 326.531317949 , 2.78791 , 0.417054, 2.80348 
 8 , 362.788946867 , 2.77538 , 0.417054, 2.80348 
 9 , 402.046182871 , 2.80217 , 0.417054, 2.80348 
 10 , 493.814157009 , 2.75074 , 0.417054, 2.80348 
 11 , 529.689278841 , 2.79828 , 0.417054, 2.80348 
 12 , 565.581123829 , 2.83156 , 0.417054, 2.80348 
 13 , 601.36647296 , 2.79612 , 0.417054, 2.80348 
 14 , 637.201987982 , 2.79569 , 0.417054, 2.80348 
 15 , 732.46074605 , 2.80692 , 0.417054, 2.80348 
 16 , 768.881782055 , 2.82983 , 0.417054, 2.80348 
 17 , 805.812590837 , 2.80995 , 0.417054, 2.80348 
 18 , 843.424636841 , 2.77235 , 0.417054, 2.80348 
 19 , 881.587677956 , 2.7771 , 0.417054, 2.80348 
 20 , 988.341815948 , 2.80001 , 0.417054, 2.80348 
 21 , 1029.44267082 , 2.79914 , 0.417054, 2.80348 
 22 , 1066.89647889 , 2.80952 , 0.417054, 2.80348 
 23 , 1103.42845201 , 2.78618 , 0.417054, 2.80348 
 24 , 1141.94653893 , 2.8147 , 0.417054, 2.80348 
 25 , 1238.10638094 , 2.79007 , 0.417054, 2.80348 
 26 , 1274.63807893 , 2.7784 , 0.417054, 2.80348 
 27 , 1312.4851439 , 2.80822 , 0.417054, 2.80348 
 28 , 1351.64746785 , 2.77754 , 0.417054, 2.80348 
 29 , 1390.77163386 , 2.79828 , 0.417054, 2.80348 
 30 , 1491.63087583 , 2.78532 , 0.417054, 2.80348 
 31 , 1531.22881293 , 2.78402 , 0.417054, 2.80348 
 32 , 1571.51872683 , 2.78921 , 0.417054, 2.80348 
 33 , 1608.20399594 , 2.82637 , 0.417054, 2.80348 
 34 , 1644.38929701 , 2.79742 , 0.417054, 2.80348 
 35 , 1746.17336702 , 2.80606 , 0.417054, 2.80348 
 36 , 1783.00361395 , 2.82896 , 0.417054, 2.80348 
 37 , 1820.09162283 , 2.76457 , 0.417054, 2.80348 
 38 , 1856.23634601 , 2.83113 , 0.417054, 2.80348 
 39 , 1892.8112309 , 2.81341 , 0.417054, 2.80348 
 40 , 1989.45446491 , 2.80001 , 0.417054, 2.80348 
 41 , 2025.32545495 , 2.80995 , 0.417054, 2.80348 
 42 , 2061.44559884 , 2.76889 , 0.417054, 2.80348 
 43 , 2097.51426601 , 2.79871 , 0.417054, 2.80348 
 44 , 2135.60506296 , 2.80174 , 0.417054, 2.80348 
 45 , 2231.60137486 , 2.80779 , 0.417054, 2.80348 
 46 , 2267.75431991 , 2.80476 , 0.417054, 2.80348 
 47 , 2304.70536685 , 2.7676 , 0.417054, 2.80348 
 48 , 2341.97177601 , 2.82983 , 0.417054, 2.80348 
 49 , 2381.68143392 , 2.79526 , 0.417054, 2.80348 
 50 , 2482.896106 , 2.79439 , 0.417054, 2.80348 
 51 , 2522.83810687 , 2.80476 , 0.417054, 2.80348 
 52 , 2562.59991097 , 2.78791 , 0.417054, 2.80348 
 53 , 2601.59075093 , 2.80822 , 0.417054, 2.80348 
 54 , 2641.69902992 , 2.78661 , 0.417054, 2.80348 
 55 , 2736.99636388 , 2.7421 , 0.417054, 2.80348 
 56 , 2776.62741685 , 2.7918 , 0.417054, 2.80348 
 57 , 2814.73481393 , 2.81211 , 0.417054, 2.80348 
 58 , 2853.9911139 , 2.81341 , 0.417054, 2.80348 
 59 , 2892.79311085 , 2.79785 , 0.417054, 2.80348 
 60 , 2993.05478191 , 2.7784 , 0.417054, 2.80348 
 61 , 3031.64671302 , 2.83674 , 0.417054, 2.80348 
 62 , 3070.63484597 , 2.8173 , 0.417054, 2.80348 
 63 , 3110.83013105 , 2.76889 , 0.417054, 2.80348 
 64 , 3148.56926394 , 2.76846 , 0.417054, 2.80348 
 65 , 3244.66443205 , 2.79915 , 0.417054, 2.80348 
 66 , 3281.26332998 , 2.7905 , 0.417054, 2.80348 
 67 , 3319.57941985 , 2.74815 , 0.417054, 2.80348 
 68 , 3357.93818188 , 2.77494 , 0.417054, 2.80348 
 69 , 3397.65724397 , 2.76587 , 0.417054, 2.80348 
 70 , 3490.78872395 , 2.80952 , 0.417054, 2.80348 
 71 , 3526.75168085 , 2.79137 , 0.417054, 2.80348 
 72 , 3562.58892202 , 2.77408 , 0.417054, 2.80348 
 73 , 3598.45992494 , 2.78229 , 0.417054, 2.80348 
 74 , 3634.20193887 , 2.79612 , 0.417054, 2.80348 
 75 , 3732.59727693 , 2.80433 , 0.417054, 2.80348 
 76 , 3771.65283203 , 2.80347 , 0.417054, 2.80348 
 77 , 3807.91402102 , 2.78445 , 0.417054, 2.80348 
 78 , 3846.30634594 , 2.81643 , 0.417054, 2.80348 
 79 , 3886.85065389 , 2.79612 , 0.417054, 2.80348 
 80 , 3982.85585594 , 2.8039 , 0.417054, 2.80348 
 81 , 4018.65907192 , 2.82464 , 0.417054, 2.80348 
 82 , 4056.17098904 , 2.81686 , 0.417054, 2.80348 
 83 , 4093.71517086 , 2.79266 , 0.417054, 2.80348 
 84 , 4130.33234406 , 2.81557 , 0.417054, 2.80348 
 85 , 4227.05639696 , 2.78791 , 0.417054, 2.80348 
 86 , 4267.57621503 , 2.81081 , 0.417054, 2.80348 
 87 , 4306.82094288 , 2.85144 , 0.417054, 2.80348 
 88 , 4347.081043 , 2.75766 , 0.417054, 2.80348 
 89 , 4384.21405196 , 2.75506 , 0.417054, 2.80348 
 90 , 4481.76488686 , 2.77149 , 0.417054, 2.80348 
 91 , 4519.57993984 , 2.79742 , 0.417054, 2.80348 
 92 , 4557.65812588 , 2.79137 , 0.417054, 2.80348 
 93 , 4597.54538393 , 2.79223 , 0.417054, 2.80348 
 94 , 4635.21723795 , 2.80131 , 0.417054, 2.80348 
 95 , 4731.58023405 , 2.73389 , 0.417054, 2.80348 
 96 , 4768.73133993 , 2.80606 , 0.417054, 2.80348 
 97 , 4804.85292792 , 2.78229 , 0.417054, 2.80348 
 98 , 4844.64831495 , 2.75895 , 0.417054, 2.80348 
 99 , 4882.25996685 , 2.78143 , 0.417054, 2.80348 
 100 , 4976.49261689 , 2.77322 , 0.417054, 2.80348 
 101 , 5016.18087602 , 2.81557 , 0.417054, 2.80348 
 102 , 5054.98252106 , 2.80952 , 0.417054, 2.80348 
 103 , 5092.44411898 , 2.77451 , 0.417054, 2.80348 
 104 , 5132.504915 , 2.78661 , 0.417054, 2.80348 
 105 , 5228.68125486 , 2.79612 , 0.417054, 2.80348 
 106 , 5270.58567786 , 2.79915 , 0.417054, 2.80348 
 107 , 5310.26954293 , 2.79958 , 0.417054, 2.80348 
 108 , 5347.48877096 , 2.77494 , 0.417054, 2.80348 
 109 , 5387.33677292 , 2.80476 , 0.417054, 2.80348 
 110 , 5485.64501905 , 2.80563 , 0.417054, 2.80348 
 111 , 5525.17257285 , 2.76976 , 0.417054, 2.80348 
 112 , 5565.24369884 , 2.78791 , 0.417054, 2.80348 
 113 , 5603.57810497 , 2.82507 , 0.417054, 2.80348 
 114 , 5643.24314284 , 2.80649 , 0.417054, 2.80348 
 115 , 5741.63898897 , 2.79569 , 0.417054, 2.80348 
 116 , 5777.78354502 , 2.79612 , 0.417054, 2.80348 
 117 , 5815.65883589 , 2.79266 , 0.417054, 2.80348 
 118 , 5854.010252 , 2.79137 , 0.417054, 2.80348 
 119 , 5891.56244302 , 2.78445 , 0.417054, 2.80348 
 120 , 5992.02432895 , 2.80865 , 0.417054, 2.80348 
 121 , 6032.58146906 , 2.83847 , 0.417054, 2.80348 
 122 , 6072.02198505 , 2.79871 , 0.417054, 2.80348 
 123 , 6110.75137305 , 2.80087 , 0.417054, 2.80348 
 124 , 6147.21024203 , 2.80563 , 0.417054, 2.80348 
 125 , 6242.89591098 , 2.81903 , 0.417054, 2.80348 
 126 , 6279.98390603 , 2.78532 , 0.417054, 2.80348 
 127 , 6316.53790903 , 2.77927 , 0.417054, 2.80348 
 128 , 6353.73789406 , 2.79526 , 0.417054, 2.80348 
 129 , 6390.93282795 , 2.81254 , 0.417054, 2.80348 
 130 , 6482.54172683 , 2.76803 , 0.417054, 2.80348 
 131 , 6518.17131186 , 2.81297 , 0.417054, 2.80348 
 132 , 6553.79414487 , 2.78013 , 0.417054, 2.80348 
 133 , 6589.5612669 , 2.79785 , 0.417054, 2.80348 
 134 , 6625.26814389 , 2.80217 , 0.417054, 2.80348 
 135 , 6720.71219397 , 2.76241 , 0.417054, 2.80348 
 136 , 6757.29539585 , 2.79698 , 0.417054, 2.80348 
 137 , 6796.38862991 , 2.81514 , 0.417054, 2.80348 
 138 , 6835.59879398 , 2.78921 , 0.417054, 2.80348 
 139 , 6872.85363793 , 2.76457 , 0.417054, 2.80348 
 140 , 6971.39732504 , 2.7797 , 0.417054, 2.80348 
 141 , 7007.87579489 , 2.84582 , 0.417054, 2.80348 
 142 , 7043.52169585 , 2.7771 , 0.417054, 2.80348 
 143 , 7079.15314984 , 2.81081 , 0.417054, 2.80348 
 144 , 7114.918226 , 2.77235 , 0.417054, 2.80348 
 145 , 7206.55353284 , 2.84279 , 0.417054, 2.80348 
 146 , 7242.21437192 , 2.79785 , 0.417054, 2.80348 
 147 , 7277.97755289 , 2.79612 , 0.417054, 2.80348 
 148 , 7317.46123791 , 2.81168 , 0.417054, 2.80348 
 149 , 7351.75718689 , 2.80131 , 0.417054, 2.80348 
 150 , 7439.99559402 , 2.76241 , 0.417054, 2.80348 
 151 , 7474.38036203 , 2.78099 , 0.417054, 2.80348 
 152 , 7508.6599009 , 2.82896 , 0.417054, 2.80348 
 153 , 7543.01007986 , 2.81946 , 0.417054, 2.80348 
 154 , 7577.31908488 , 2.8039 , 0.417054, 2.80348 
 155 , 7665.43596101 , 2.7771 , 0.417054, 2.80348 
 156 , 7699.79782891 , 2.81643 , 0.417054, 2.80348 
 157 , 7734.01692605 , 2.83718 , 0.417054, 2.80348 
 158 , 7768.33021688 , 2.78877 , 0.417054, 2.80348 
 159 , 7802.77397203 , 2.84452 , 0.417054, 2.80348 
 160 , 7891.13522196 , 2.78704 , 0.417054, 2.80348 
 161 , 7925.378824 , 2.79007 , 0.417054, 2.80348 
 162 , 7959.71143484 , 2.82551 , 0.417054, 2.80348 
 163 , 7994.01078796 , 2.81427 , 0.417054, 2.80348 
 164 , 8028.2856319 , 2.81557 , 0.417054, 2.80348 
 165 , 8116.41267085 , 2.83847 , 0.417054, 2.80348 
 166 , 8150.78944802 , 2.78964 , 0.417054, 2.80348 
 167 , 8185.1325109 , 2.77754 , 0.417054, 2.80348 
 168 , 8219.47548485 , 2.81773 , 0.417054, 2.80348 
 169 , 8253.79062486 , 2.84236 , 0.417054, 2.80348 
 170 , 8342.07051492 , 2.77538 , 0.417054, 2.80348 
 171 , 8376.50215888 , 2.82119 , 0.417054, 2.80348 
 172 , 8410.86841989 , 2.77927 , 0.417054, 2.80348 
 173 , 8445.28883791 , 2.765 , 0.417054, 2.80348 
 174 , 8479.654814 , 2.77278 , 0.417054, 2.80348 
 175 , 8567.85457897 , 2.78877 , 0.417054, 2.80348 
 176 , 8602.40896893 , 2.79266 , 0.417054, 2.80348 
 177 , 8636.91042304 , 2.77451 , 0.417054, 2.80348 
 178 , 8671.50791502 , 2.80995 , 0.417054, 2.80348 
 179 , 8705.85100389 , 2.76976 , 0.417054, 2.80348 
 180 , 8794.05556703 , 2.79007 , 0.417054, 2.80348 
 181 , 8828.675704 , 2.79439 , 0.417054, 2.80348 
 182 , 8863.14192891 , 2.80519 , 0.417054, 2.80348 
 183 , 8897.61082888 , 2.79958 , 0.417054, 2.80348 
 184 , 8936.88027883 , 2.79742 , 0.417054, 2.80348 
 185 , 9023.90490198 , 2.82248 , 0.417054, 2.80348 
 186 , 9057.84895205 , 2.81773 , 0.417054, 2.80348 
 187 , 9091.88578892 , 2.79353 , 0.417054, 2.80348 
 188 , 9125.87050605 , 2.80476 , 0.417054, 2.80348 
 189 , 9159.90143704 , 2.79526 , 0.417054, 2.80348 
 190 , 9247.09193397 , 2.83588 , 0.417054, 2.80348 
 191 , 9281.080832 , 2.79093 , 0.417054, 2.80348 
 192 , 9315.00683689 , 2.79223 , 0.417054, 2.80348 
 193 , 9349.04919887 , 2.77278 , 0.417054, 2.80348 
 194 , 9383.08868003 , 2.78575 , 0.417054, 2.80348 
 195 , 9470.28032184 , 2.78186 , 0.417054, 2.80348 
 196 , 9504.20299983 , 2.74167 , 0.417054, 2.80348 
 197 , 9538.17816591 , 2.76673 , 0.417054, 2.80348 
 198 , 9572.14864898 , 2.83156 , 0.417054, 2.80348 
 199 , 9608.49832106 , 2.79007 , 0.417054, 2.80348 
 200 , 9701.56894398 , 2.77278 , 0.417054, 2.80348 
 201 , 9737.44057298 , 2.80606 , 0.417054, 2.80348 
 202 , 9773.75304699 , 2.78402 , 0.417054, 2.80348 
 203 , 9811.11691189 , 2.79958 , 0.417054, 2.80348 
 204 , 9849.239779 , 2.80909 , 0.417054, 2.80348 
 205 , 9946.09514689 , 2.77105 , 0.417054, 2.80348 
 206 , 9987.42903495 , 2.80908 , 0.417054, 2.80348 
 207 , 10023.267622 , 2.84798 , 0.417054, 2.80348 
 208 , 10060.3223729 , 2.80303 , 0.417054, 2.80348 
 209 , 10099.0713871 , 2.81773 , 0.417054, 2.80348 
 210 , 10208.808687 , 2.79871 , 0.417054, 2.80348 
 211 , 10253.154387 , 2.76241 , 0.417054, 2.80348 
 212 , 10291.8425069 , 2.81168 , 0.417054, 2.80348 
 213 , 10329.5090299 , 2.76846 , 0.417054, 2.80348 
 214 , 10367.847574 , 2.79526 , 0.417054, 2.80348 
 215 , 10471.699187 , 2.77797 , 0.417054, 2.80348 
 216 , 10509.3618839 , 2.78099 , 0.417054, 2.80348 
 217 , 10552.0873508 , 2.77624 , 0.417054, 2.80348 
 218 , 10593.995327 , 2.82075 , 0.417054, 2.80348 
 219 , 10634.708277 , 2.79396 , 0.417054, 2.80348 
 220 , 10744.6092579 , 2.77149 , 0.417054, 2.80348 
 221 , 10786.127898 , 2.81038 , 0.417054, 2.80348 
 222 , 10823.3650239 , 2.84063 , 0.417054, 2.80348 
 223 , 10860.119796 , 2.79612 , 0.417054, 2.80348 
 224 , 10895.906985 , 2.79958 , 0.417054, 2.80348 
 225 , 10989.9860559 , 2.79396 , 0.417054, 2.80348 
 226 , 11025.675087 , 2.8147 , 0.417054, 2.80348 
 227 , 11061.485657 , 2.84323 , 0.417054, 2.80348 
 228 , 11098.8512619 , 2.77581 , 0.417054, 2.80348 
 229 , 11135.0777669 , 2.78272 , 0.417054, 2.80348 
 230 , 11233.9718499 , 2.78834 , 0.417054, 2.80348 
 231 , 11270.9724469 , 2.78013 , 0.417054, 2.80348 
 232 , 11308.0153279 , 2.8268 , 0.417054, 2.80348 
 233 , 11344.4326329 , 2.82335 , 0.417054, 2.80348 
 234 , 11382.500294 , 2.79871 , 0.417054, 2.80348 
 235 , 11478.321218 , 2.82119 , 0.417054, 2.80348 
 236 , 11515.8039079 , 2.78099 , 0.417054, 2.80348 
 237 , 11551.587944 , 2.79742 , 0.417054, 2.80348 
 238 , 11587.304172 , 2.78964 , 0.417054, 2.80348 
 239 , 11623.8143399 , 2.80995 , 0.417054, 2.80348 
 240 , 11718.334131 , 2.80779 , 0.417054, 2.80348 
 241 , 11754.5420499 , 2.80865 , 0.417054, 2.80348 
 242 , 11790.2721469 , 2.80865 , 0.417054, 2.80348 
 243 , 11828.125819 , 2.78013 , 0.417054, 2.80348 
 244 , 11868.010561 , 2.78445 , 0.417054, 2.80348 
 245 , 11965.3837988 , 2.8039 , 0.417054, 2.80348 
 246 , 12004.6094379 , 2.79871 , 0.417054, 2.80348 
 247 , 12043.386059 , 2.79871 , 0.417054, 2.80348 
 248 , 12081.737711 , 2.80174 , 0.417054, 2.80348 
 249 , 12120.3380549 , 2.77278 , 0.417054, 2.80348 
 250 , 12222.5419579 , 2.80692 , 0.417054, 2.80348 
 251 , 12262.1535039 , 2.81125 , 0.417054, 2.80348 
 252 , 12300.8865049 , 2.75161 , 0.417054, 2.80348 
 253 , 12341.292793 , 2.82853 , 0.417054, 2.80348 
 254 , 12380.7782938 , 2.83372 , 0.417054, 2.80348 
 255 , 12475.5297089 , 2.79958 , 0.417054, 2.80348 
 256 , 12511.5307679 , 2.78791 , 0.417054, 2.80348 
 257 , 12547.527766 , 2.79353 , 0.417054, 2.80348 
 258 , 12584.005672 , 2.81384 , 0.417054, 2.80348 
 259 , 12620.551188 , 2.80865 , 0.417054, 2.80348 
 260 , 12719.91766 , 2.84625 , 0.417054, 2.80348 
 261 , 12756.7085969 , 2.75679 , 0.417054, 2.80348 
 262 , 12794.2718599 , 2.82637 , 0.417054, 2.80348 
 263 , 12832.6582539 , 2.81038 , 0.417054, 2.80348 
 264 , 12869.786453 , 2.82291 , 0.417054, 2.80348 
 265 , 12961.5733728 , 2.80044 , 0.417054, 2.80348 
 266 , 12997.3828979 , 2.78056 , 0.417054, 2.80348 
 267 , 13033.3367078 , 2.77235 , 0.417054, 2.80348 
 268 , 13069.2451448 , 2.79007 , 0.417054, 2.80348 
 269 , 13105.1299839 , 2.79828 , 0.417054, 2.80348 
 270 , 13200.2247109 , 2.75982 , 0.417054, 2.80348 
 271 , 13236.3761139 , 2.78661 , 0.417054, 2.80348 
 272 , 13272.4382179 , 2.81514 , 0.417054, 2.80348 
 273 , 13308.359184 , 2.79958 , 0.417054, 2.80348 
 274 , 13344.3903859 , 2.79612 , 0.417054, 2.80348 
 275 , 13436.087472 , 2.8039 , 0.417054, 2.80348 
 276 , 13472.065805 , 2.82248 , 0.417054, 2.80348 
 277 , 13512.0347369 , 2.8039 , 0.417054, 2.80348 
 278 , 13547.297895 , 2.8039 , 0.417054, 2.80348 
 279 , 13583.3792479 , 2.79309 , 0.417054, 2.80348 
 280 , 13679.3616879 , 2.77321 , 0.417054, 2.80348 
 281 , 13716.5078969 , 2.77451 , 0.417054, 2.80348 
 282 , 13752.3384409 , 2.80476 , 0.417054, 2.80348 
 283 , 13788.2100708 , 2.80952 , 0.417054, 2.80348 
 284 , 13824.184833 , 2.8147 , 0.417054, 2.80348 
 285 , 13920.0479419 , 2.8026 , 0.417054, 2.80348 
 286 , 13954.0945508 , 2.81773 , 0.417054, 2.80348 
 287 , 13988.0543709 , 2.81514 , 0.417054, 2.80348 
 288 , 14022.0089879 , 2.78013 , 0.417054, 2.80348 
 289 , 14056.0540419 , 2.80649 , 0.417054, 2.80348 
 290 , 14143.197942 , 2.77624 , 0.417054, 2.80348 
 291 , 14177.2742879 , 2.8523 , 0.417054, 2.80348 
 292 , 14211.1670721 , 2.78186 , 0.417054, 2.80348 
 293 , 14245.257308 , 2.80217 , 0.417054, 2.80348 
 294 , 14279.2105589 , 2.80908 , 0.417054, 2.80348 
 295 , 14366.428112 , 2.78964 , 0.417054, 2.80348 
 296 , 14400.5193369 , 2.81816 , 0.417054, 2.80348 
 297 , 14434.5823801 , 2.80131 , 0.417054, 2.80348 
 298 , 14468.5001099 , 2.83501 , 0.417054, 2.80348 
 299 , 14502.6318948 , 2.81297 , 0.417054, 2.80348 
 300 , 14589.788702 , 2.8147 , 0.417054, 2.80348 
 301 , 14623.775387 , 2.79007 , 0.417054, 2.80348 
 302 , 14657.797616 , 2.80908 , 0.417054, 2.80348 
 303 , 14691.8941751 , 2.78834 , 0.417054, 2.80348 
 304 , 14725.9417269 , 2.80174 , 0.417054, 2.80348 
 305 , 14813.07423 , 2.75679 , 0.417054, 2.80348 
 306 , 14847.0693851 , 2.82119 , 0.417054, 2.80348 
 307 , 14881.0190709 , 2.84366 , 0.417054, 2.80348 
 308 , 14914.9986389 , 2.76803 , 0.417054, 2.80348 
 309 , 14948.882972 , 2.76889 , 0.417054, 2.80348 
 310 , 15036.0598869 , 2.78186 , 0.417054, 2.80348 
 311 , 15070.2377119 , 2.79526 , 0.417054, 2.80348 
 312 , 15104.0962379 , 2.81125 , 0.417054, 2.80348 
 313 , 15137.999737 , 2.81557 , 0.417054, 2.80348 
 314 , 15171.909534 , 2.78229 , 0.417054, 2.80348 
 315 , 15258.9962509 , 2.83804 , 0.417054, 2.80348 
 316 , 15292.8680389 , 2.78315 , 0.417054, 2.80348 
 317 , 15326.9252279 , 2.7905 , 0.417054, 2.80348 
 318 , 15360.785439 , 2.81125 , 0.417054, 2.80348 
 319 , 15394.820581 , 2.77105 , 0.417054, 2.80348 
 320 , 15481.7888479 , 2.80865 , 0.417054, 2.80348 
 321 , 15515.7253098 , 2.78877 , 0.417054, 2.80348 
 322 , 15549.9185529 , 2.82162 , 0.417054, 2.80348 
 323 , 15583.9741271 , 2.85014 , 0.417054, 2.80348 
 324 , 15617.950803 , 2.82075 , 0.417054, 2.80348 
 325 , 15705.0577819 , 2.78229 , 0.417054, 2.80348 
 326 , 15738.9758 , 2.79698 , 0.417054, 2.80348 
 327 , 15773.0199471 , 2.80001 , 0.417054, 2.80348 
 328 , 15806.992013 , 2.79309 , 0.417054, 2.80348 
 329 , 15841.0694039 , 2.76803 , 0.417054, 2.80348 
 330 , 15928.2410269 , 2.78575 , 0.417054, 2.80348 
 331 , 15962.1344399 , 2.81686 , 0.417054, 2.80348 
 332 , 15996.079622 , 2.77581 , 0.417054, 2.80348 
 333 , 16030.0426359 , 2.79439 , 0.417054, 2.80348 
 334 , 16063.9478979 , 2.80174 , 0.417054, 2.80348 
 335 , 16150.8126988 , 2.78661 , 0.417054, 2.80348 
 336 , 16184.769886 , 2.81686 , 0.417054, 2.80348 
 337 , 16218.715034 , 2.78445 , 0.417054, 2.80348 
 338 , 16252.626509 , 2.82378 , 0.417054, 2.80348 
 339 , 16286.5167038 , 2.78445 , 0.417054, 2.80348 
 340 , 16373.6095109 , 2.79396 , 0.417054, 2.80348 
 341 , 16407.574286 , 2.78099 , 0.417054, 2.80348 
 342 , 16441.575841 , 2.8039 , 0.417054, 2.80348 
 343 , 16475.6839039 , 2.84841 , 0.417054, 2.80348 
 344 , 16509.6550779 , 2.78532 , 0.417054, 2.80348 
 345 , 16596.7869339 , 2.79309 , 0.417054, 2.80348 
 346 , 16630.9221818 , 2.76068 , 0.417054, 2.80348 
 347 , 16664.921864 , 2.77538 , 0.417054, 2.80348 
 348 , 16699.071527 , 2.77451 , 0.417054, 2.80348 
 349 , 16733.2262208 , 2.79353 , 0.417054, 2.80348 
 350 , 16820.4119129 , 2.77019 , 0.417054, 2.80348 
 351 , 16854.568718 , 2.8052 , 0.417054, 2.80348 
 352 , 16888.620656 , 2.7555 , 0.417054, 2.80348 
 353 , 16922.568629 , 2.77883 , 0.417054, 2.80348 
 354 , 16956.5236809 , 2.80865 , 0.417054, 2.80348 
 355 , 17043.650584 , 2.81168 , 0.417054, 2.80348 
 356 , 17077.586247 , 2.82594 , 0.417054, 2.80348 
 357 , 17111.4114308 , 2.78445 , 0.417054, 2.80348 
 358 , 17145.508229 , 2.76889 , 0.417054, 2.80348 
 359 , 17179.5825279 , 2.77192 , 0.417054, 2.80348 
 360 , 17266.7452679 , 2.76068 , 0.417054, 2.80348 
 361 , 17300.835376 , 2.82119 , 0.417054, 2.80348 
 362 , 17334.9683299 , 2.79742 , 0.417054, 2.80348 
 363 , 17368.9151409 , 2.79526 , 0.417054, 2.80348 
 364 , 17402.9684629 , 2.78834 , 0.417054, 2.80348 
 365 , 17490.1094019 , 2.74728 , 0.417054, 2.80348 
 366 , 17524.1430399 , 2.74426 , 0.417054, 2.80348 
 367 , 17558.3773448 , 2.81341 , 0.417054, 2.80348 
 368 , 17592.310008 , 2.78488 , 0.417054, 2.80348 
 369 , 17626.255162 , 2.83113 , 0.417054, 2.80348 
 370 , 17713.4149311 , 2.7797 , 0.417054, 2.80348 
 371 , 17747.4952331 , 2.80131 , 0.417054, 2.80348 
 372 , 17781.5111558 , 2.81384 , 0.417054, 2.80348 
 373 , 17815.63676 , 2.79828 , 0.417054, 2.80348 
 374 , 17849.751123 , 2.80779 , 0.417054, 2.80348 
 375 , 17936.844409 , 2.79958 , 0.417054, 2.80348 
 376 , 17970.875798 , 2.79698 , 0.417054, 2.80348 
 377 , 18004.945704 , 2.76716 , 0.417054, 2.80348 
 378 , 18039.0426719 , 2.78186 , 0.417054, 2.80348 
 379 , 18073.090723 , 2.83761 , 0.417054, 2.80348 
 380 , 18160.3801739 , 2.79655 , 0.417054, 2.80348 
 381 , 18194.4220359 , 2.80087 , 0.417054, 2.80348 
 382 , 18228.5223138 , 2.83674 , 0.417054, 2.80348 
 383 , 18262.4522579 , 2.77581 , 0.417054, 2.80348 
 384 , 18296.4695621 , 2.79871 , 0.417054, 2.80348 
 385 , 18383.7114758 , 2.82075 , 0.417054, 2.80348 
 386 , 18417.7459159 , 2.81125 , 0.417054, 2.80348 
 387 , 18451.8952889 , 2.78445 , 0.417054, 2.80348 
 388 , 18486.024946 , 2.80563 , 0.417054, 2.80348 
 389 , 18520.0829539 , 2.79137 , 0.417054, 2.80348 
 390 , 18607.3266239 , 2.79309 , 0.417054, 2.80348 
 391 , 18641.429847 , 2.81254 , 0.417054, 2.80348 
 392 , 18675.536258 , 2.83329 , 0.417054, 2.80348 
 393 , 18709.502897 , 2.80303 , 0.417054, 2.80348 
 394 , 18743.4958999 , 2.80044 , 0.417054, 2.80348 
 395 , 18830.543638 , 2.79482 , 0.417054, 2.80348 
 396 , 18864.49914 , 2.82896 , 0.417054, 2.80348 
 397 , 18898.5024719 , 2.7676 , 0.417054, 2.80348 
 398 , 18932.4814429 , 2.78013 , 0.417054, 2.80348 
 399 , 18966.4631329 , 2.77883 , 0.417054, 2.80348 
 400 , 19053.7534599 , 2.78704 , 0.417054, 2.80348 
 401 , 19087.8342988 , 2.79482 , 0.417054, 2.80348 
 402 , 19121.750891 , 2.80822 , 0.417054, 2.80348 
 403 , 19155.7797899 , 2.84495 , 0.417054, 2.80348 
 404 , 19189.7353818 , 2.79482 , 0.417054, 2.80348 
 405 , 19276.8845499 , 2.81816 , 0.417054, 2.80348 
 406 , 19310.8669569 , 2.7529 , 0.417054, 2.80348 
 407 , 19344.8438339 , 2.80303 , 0.417054, 2.80348 
 408 , 19378.864413 , 2.83977 , 0.417054, 2.80348 
 409 , 19412.8045928 , 2.77797 , 0.417054, 2.80348 
 410 , 19499.8579879 , 2.78186 , 0.417054, 2.80348 
 411 , 19533.942281 , 2.7542 , 0.417054, 2.80348 
 412 , 19568.046905 , 2.80692 , 0.417054, 2.80348 
 413 , 19602.0558419 , 2.81903 , 0.417054, 2.80348 
 414 , 19636.326896 , 2.77754 , 0.417054, 2.80348 
 415 , 19723.3370528 , 2.7784 , 0.417054, 2.80348 
 416 , 19757.329381 , 2.7918 , 0.417054, 2.80348 
 417 , 19791.402693 , 2.76241 , 0.417054, 2.80348 
 418 , 19825.4106579 , 2.79698 , 0.417054, 2.80348 
 419 , 19859.372004 , 2.80563 , 0.417054, 2.80348 
 420 , 19946.589973 , 2.79526 , 0.417054, 2.80348 
 421 , 19980.7107949 , 2.76457 , 0.417054, 2.80348 
 422 , 20014.7833929 , 2.81384 , 0.417054, 2.80348 
 423 , 20048.876965 , 2.81514 , 0.417054, 2.80348 
 424 , 20082.8902929 , 2.74512 , 0.417054, 2.80348 
 425 , 20170.087898 , 2.7421 , 0.417054, 2.80348 
 426 , 20204.067636 , 2.83329 , 0.417054, 2.80348 
 427 , 20238.079833 , 2.78964 , 0.417054, 2.80348 
 428 , 20272.0607479 , 2.79871 , 0.417054, 2.80348 
 429 , 20306.085511 , 2.82378 , 0.417054, 2.80348 
 430 , 20393.2852259 , 2.79958 , 0.417054, 2.80348 
 431 , 20427.3371398 , 2.80563 , 0.417054, 2.80348 
 432 , 20461.3921819 , 2.80476 , 0.417054, 2.80348 
 433 , 20495.366396 , 2.83156 , 0.417054, 2.80348 
 434 , 20529.448885 , 2.76673 , 0.417054, 2.80348 
 435 , 20616.563566 , 2.75939 , 0.417054, 2.80348 
 436 , 20650.465842 , 2.82853 , 0.417054, 2.80348 
 437 , 20684.4528849 , 2.78748 , 0.417054, 2.80348 
 438 , 20718.5202219 , 2.80779 , 0.417054, 2.80348 
 439 , 20752.584739 , 2.77192 , 0.417054, 2.80348 
 440 , 20839.809763 , 2.7663 , 0.417054, 2.80348 
 441 , 20873.8678069 , 2.80131 , 0.417054, 2.80348 
 442 , 20907.8451209 , 2.79828 , 0.417054, 2.80348 
 443 , 20941.9731169 , 2.80131 , 0.417054, 2.80348 
 444 , 20976.032552 , 2.80649 , 0.417054, 2.80348 
 445 , 21063.1465209 , 2.78272 , 0.417054, 2.80348 
 446 , 21097.174618 , 2.78488 , 0.417054, 2.80348 
 447 , 21131.40903 , 2.78791 , 0.417054, 2.80348 
 448 , 21165.480901 , 2.80347 , 0.417054, 2.80348 
 449 , 21199.590811 , 2.78921 , 0.417054, 2.80348 
 450 , 21286.6891179 , 2.79093 , 0.417054, 2.80348 
 451 , 21320.762747 , 2.79569 , 0.417054, 2.80348 
 452 , 21354.8844519 , 2.81686 , 0.417054, 2.80348 
 453 , 21388.893095 , 2.816 , 0.417054, 2.80348 
 454 , 21422.863698 , 2.79353 , 0.417054, 2.80348 
 455 , 21510.211463 , 2.79353 , 0.417054, 2.80348 
 456 , 21544.371923 , 2.80995 , 0.417054, 2.80348 
 457 , 21578.3853779 , 2.80995 , 0.417054, 2.80348 
 458 , 21612.460166 , 2.78359 , 0.417054, 2.80348 
 459 , 21646.5799139 , 2.83458 , 0.417054, 2.80348 
 460 , 21733.7814078 , 2.76241 , 0.417054, 2.80348 
 461 , 21767.9037499 , 2.83458 , 0.417054, 2.80348 
 462 , 21802.137681 , 2.79742 , 0.417054, 2.80348 
 463 , 21836.3634648 , 2.79223 , 0.417054, 2.80348 
 464 , 21870.5460289 , 2.82507 , 0.417054, 2.80348 
 465 , 21957.6815579 , 2.78748 , 0.417054, 2.80348 
 466 , 21991.8011789 , 2.76241 , 0.417054, 2.80348 
 467 , 22026.027704 , 2.79353 , 0.417054, 2.80348 
 468 , 22060.25369 , 2.79007 , 0.417054, 2.80348 
 469 , 22094.452652 , 2.80347 , 0.417054, 2.80348 
 470 , 22181.680613 , 2.81989 , 0.417054, 2.80348 
 471 , 22215.8085279 , 2.76673 , 0.417054, 2.80348 
 472 , 22250.0935099 , 2.79958 , 0.417054, 2.80348 
 473 , 22284.311404 , 2.77667 , 0.417054, 2.80348 
 474 , 22318.47422 , 2.78704 , 0.417054, 2.80348 
 475 , 22405.7403638 , 2.78532 , 0.417054, 2.80348 
 476 , 22439.689822 , 2.81081 , 0.417054, 2.80348 
 477 , 22473.8243051 , 2.77754 , 0.417054, 2.80348 
 478 , 22507.842921 , 2.79828 , 0.417054, 2.80348 
 479 , 22541.9874449 , 2.75766 , 0.417054, 2.80348 
 480 , 22629.1596999 , 2.79915 , 0.417054, 2.80348 
 481 , 22663.166018 , 2.81168 , 0.417054, 2.80348 
 482 , 22697.2428489 , 2.77105 , 0.417054, 2.80348 
 483 , 22731.3775899 , 2.78488 , 0.417054, 2.80348 
 484 , 22765.483077 , 2.77192 , 0.417054, 2.80348 
 485 , 22852.6658769 , 2.78143 , 0.417054, 2.80348 
 486 , 22886.697119 , 2.75506 , 0.417054, 2.80348 
 487 , 22920.7650058 , 2.78964 , 0.417054, 2.80348 
 488 , 22954.8674979 , 2.79785 , 0.417054, 2.80348 
 489 , 22988.914799 , 2.79439 , 0.417054, 2.80348 
 490 , 23076.1273029 , 2.80174 , 0.417054, 2.80348 
 491 , 23110.098552 , 2.80044 , 0.417054, 2.80348 
 492 , 23144.2197809 , 2.80044 , 0.417054, 2.80348 
 493 , 23178.417294 , 2.81254 , 0.417054, 2.80348 
 494 , 23212.575717 , 2.816 , 0.417054, 2.80348 
 495 , 23299.7445619 , 2.8281 , 0.417054, 2.80348 
 496 , 23333.7979209 , 2.80433 , 0.417054, 2.80348 
 497 , 23367.8720129 , 2.80606 , 0.417054, 2.80348 
 498 , 23401.985724 , 2.82983 , 0.417054, 2.80348 
 499 , 23436.0837369 , 2.81254 , 0.417054, 2.80348 
 500 , 23523.2625809 , 2.82896 , 0.417054, 2.80348 
 501 , 23557.1584899 , 2.79958 , 0.417054, 2.80348 
 502 , 23591.2934659 , 2.78834 , 0.417054, 2.80348 
 503 , 23625.508399 , 2.8052 , 0.417054, 2.80348 
 504 , 23665.3098068 , 2.77624 , 0.417054, 2.80348 
 505 , 23752.6170149 , 2.76933 , 0.417054, 2.80348 
 506 , 23786.7643919 , 2.78532 , 0.417054, 2.80348 
 507 , 23820.8496289 , 2.80174 , 0.417054, 2.80348 
 508 , 23854.9714079 , 2.82767 , 0.417054, 2.80348 
 509 , 23889.101222 , 2.79396 , 0.417054, 2.80348 
 510 , 23976.3781209 , 2.77451 , 0.417054, 2.80348 
 511 , 24010.454493 , 2.79915 , 0.417054, 2.80348 
 512 , 24044.4583309 , 2.78013 , 0.417054, 2.80348 
 513 , 24078.9301028 , 2.7784 , 0.417054, 2.80348 
 514 , 24112.841507 , 2.83415 , 0.417054, 2.80348 
 515 , 24200.097177 , 2.81686 , 0.417054, 2.80348 
 516 , 24234.187026 , 2.78877 , 0.417054, 2.80348 
 517 , 24268.0252769 , 2.82335 , 0.417054, 2.80348 
 518 , 24302.0143719 , 2.77322 , 0.417054, 2.80348 
 519 , 24336.015413 , 2.80779 , 0.417054, 2.80348 
 520 , 24423.0532379 , 2.80649 , 0.417054, 2.80348 
 521 , 24457.228924 , 2.75809 , 0.417054, 2.80348 
 522 , 24491.3511078 , 2.78099 , 0.417054, 2.80348 
 523 , 24525.498528 , 2.76241 , 0.417054, 2.80348 
 524 , 24559.5865149 , 2.76328 , 0.417054, 2.80348 
 525 , 24646.824863 , 2.80779 , 0.417054, 2.80348 
 526 , 24681.0104709 , 2.79698 , 0.417054, 2.80348 
 527 , 24715.1648009 , 2.80995 , 0.417054, 2.80348 
 528 , 24749.2156971 , 2.78445 , 0.417054, 2.80348 
 529 , 24783.304553 , 2.81038 , 0.417054, 2.80348 
 530 , 24870.4023509 , 2.78575 , 0.417054, 2.80348 
 531 , 24904.571023 , 2.79007 , 0.417054, 2.80348 
 532 , 24938.796911 , 2.82335 , 0.417054, 2.80348 
 533 , 24972.905231 , 2.76846 , 0.417054, 2.80348 
 534 , 25006.9824119 , 2.80087 , 0.417054, 2.80348 
 535 , 25094.2662249 , 2.80044 , 0.417054, 2.80348 
 536 , 25128.278172 , 2.78661 , 0.417054, 2.80348 
 537 , 25162.5279629 , 2.82335 , 0.417054, 2.80348 
 538 , 25196.642488 , 2.76155 , 0.417054, 2.80348 
 539 , 25230.6947429 , 2.82248 , 0.417054, 2.80348 
 540 , 25318.0462859 , 2.81081 , 0.417054, 2.80348 
 541 , 25352.1916089 , 2.76716 , 0.417054, 2.80348 
 542 , 25386.5054939 , 2.78056 , 0.417054, 2.80348 
 543 , 25420.626677 , 2.77278 , 0.417054, 2.80348 
 544 , 25454.762589 , 2.79439 , 0.417054, 2.80348 
 545 , 25541.943907 , 2.75895 , 0.417054, 2.80348 
 546 , 25576.1236548 , 2.80303 , 0.417054, 2.80348 
 547 , 25610.115711 , 2.77538 , 0.417054, 2.80348 
 548 , 25644.1090679 , 2.77538 , 0.417054, 2.80348 
 549 , 25678.343009 , 2.81816 , 0.417054, 2.80348 
 550 , 25765.479275 , 2.7918 , 0.417054, 2.80348 
 551 , 25799.723762 , 2.78618 , 0.417054, 2.80348 
 552 , 25834.067842 , 2.76328 , 0.417054, 2.80348 
 553 , 25868.2747068 , 2.80001 , 0.417054, 2.80348 
 554 , 25902.3717539 , 2.77538 , 0.417054, 2.80348 
 555 , 25989.6429119 , 2.79309 , 0.417054, 2.80348 
 556 , 26023.812849 , 2.76889 , 0.417054, 2.80348 
 557 , 26057.9173338 , 2.76111 , 0.417054, 2.80348 
 558 , 26092.1157489 , 2.81168 , 0.417054, 2.80348 
 559 , 26126.1741729 , 2.81211 , 0.417054, 2.80348 
 560 , 26213.379704 , 2.81902 , 0.417054, 2.80348 
 561 , 26247.7642848 , 2.80433 , 0.417054, 2.80348 
 562 , 26281.8543038 , 2.77754 , 0.417054, 2.80348 
 563 , 26316.0447819 , 2.82464 , 0.417054, 2.80348 
 564 , 26350.178653 , 2.79612 , 0.417054, 2.80348 
 565 , 26437.508625 , 2.79526 , 0.417054, 2.80348 
 566 , 26471.649883 , 2.81686 , 0.417054, 2.80348 
 567 , 26505.6800859 , 2.80606 , 0.417054, 2.80348 
 568 , 26539.692415 , 2.81686 , 0.417054, 2.80348 
 569 , 26573.7347059 , 2.80087 , 0.417054, 2.80348 
 570 , 26660.9742689 , 2.81427 , 0.417054, 2.80348 
 571 , 26695.05581 , 2.80563 , 0.417054, 2.80348 
 572 , 26729.2094059 , 2.79871 , 0.417054, 2.80348 
 573 , 26763.2304449 , 2.78315 , 0.417054, 2.80348 
 574 , 26797.393295 , 2.75463 , 0.417054, 2.80348 
 575 , 26884.7500939 , 2.78488 , 0.417054, 2.80348 
 576 , 26918.861846 , 2.82767 , 0.417054, 2.80348 
 577 , 26952.947535 , 2.82378 , 0.417054, 2.80348 
 578 , 26987.197742 , 2.76587 , 0.417054, 2.80348 
 579 , 27021.245584 , 2.79093 , 0.417054, 2.80348 
 580 , 27108.5759459 , 2.77365 , 0.417054, 2.80348 
 581 , 27142.6818628 , 2.74858 , 0.417054, 2.80348 
 582 , 27176.7853379 , 2.80908 , 0.417054, 2.80348 
 583 , 27210.8792911 , 2.77624 , 0.417054, 2.80348 
 584 , 27245.0933099 , 2.80736 , 0.417054, 2.80348 
 585 , 27332.1333899 , 2.78359 , 0.417054, 2.80348 
 586 , 27366.318213 , 2.81514 , 0.417054, 2.80348 
 587 , 27400.4227729 , 2.8147 , 0.417054, 2.80348 
 588 , 27434.535217 , 2.84063 , 0.417054, 2.80348 
 589 , 27468.714597 , 2.7784 , 0.417054, 2.80348 
 590 , 27555.940017 , 2.73173 , 0.417054, 2.80348 
 591 , 27590.094363 , 2.81297 , 0.417054, 2.80348 
 592 , 27624.3405058 , 2.81297 , 0.417054, 2.80348 
 593 , 27658.4474158 , 2.80865 , 0.417054, 2.80348 
 594 , 27692.4223108 , 2.80347 , 0.417054, 2.80348 
 595 , 27779.6559401 , 2.77581 , 0.417054, 2.80348 
 596 , 27813.703778 , 2.77494 , 0.417054, 2.80348 
 597 , 27847.865844 , 2.75982 , 0.417054, 2.80348 
 598 , 27881.9295189 , 2.77581 , 0.417054, 2.80348 
 599 , 27915.962368 , 2.79828 , 0.417054, 2.80348 
 600 , 28003.1443129 , 2.80865 , 0.417054, 2.80348 
 601 , 28037.1727839 , 2.8039 , 0.417054, 2.80348 
 602 , 28071.2304649 , 2.77883 , 0.417054, 2.80348 
 603 , 28105.3420649 , 2.80217 , 0.417054, 2.80348 
 604 , 28139.412195 , 2.80174 , 0.417054, 2.80348 
 605 , 28226.5671458 , 2.81168 , 0.417054, 2.80348 
 606 , 28260.5955188 , 2.76371 , 0.417054, 2.80348 
 607 , 28294.5712209 , 2.84582 , 0.417054, 2.80348 
 608 , 28328.8751109 , 2.83199 , 0.417054, 2.80348 
 609 , 28363.0258908 , 2.76111 , 0.417054, 2.80348 
 610 , 28450.2062728 , 2.80995 , 0.417054, 2.80348 
 611 , 28484.4291079 , 2.84798 , 0.417054, 2.80348 
 612 , 28518.498873 , 2.80087 , 0.417054, 2.80348 
 613 , 28552.5602961 , 2.80908 , 0.417054, 2.80348 
 614 , 28586.7363 , 2.7905 , 0.417054, 2.80348 
 615 , 28673.8192229 , 2.7905 , 0.417054, 2.80348 
 616 , 28707.952028 , 2.80347 , 0.417054, 2.80348 
 617 , 28742.0114288 , 2.8389 , 0.417054, 2.80348 
 618 , 28776.1848269 , 2.79309 , 0.417054, 2.80348 
 619 , 28810.2414289 , 2.79828 , 0.417054, 2.80348 
 620 , 28897.4864509 , 2.78402 , 0.417054, 2.80348 
 621 , 28931.7749059 , 2.79698 , 0.417054, 2.80348 
 622 , 28965.773922 , 2.79828 , 0.417054, 2.80348 
 623 , 28999.9837589 , 2.8147 , 0.417054, 2.80348 
 624 , 29034.13728 , 2.81514 , 0.417054, 2.80348 
 625 , 29121.3710299 , 2.74512 , 0.417054, 2.80348 
 626 , 29155.528892 , 2.81254 , 0.417054, 2.80348 
 627 , 29189.7612419 , 2.79569 , 0.417054, 2.80348 
 628 , 29223.9349549 , 2.76241 , 0.417054, 2.80348 
 629 , 29257.962291 , 2.85792 , 0.417054, 2.80348 
 630 , 29345.1243279 , 2.80476 , 0.417054, 2.80348 
 631 , 29379.106272 , 2.8039 , 0.417054, 2.80348 
 632 , 29413.15206 , 2.78316 , 0.417054, 2.80348 
 633 , 29447.39059 , 2.77365 , 0.417054, 2.80348 
 634 , 29481.6701698 , 2.80865 , 0.417054, 2.80348 
 635 , 29568.792845 , 2.81168 , 0.417054, 2.80348 
 636 , 29602.86391 , 2.80001 , 0.417054, 2.80348 
 637 , 29636.878758 , 2.77754 , 0.417054, 2.80348 
 638 , 29671.0026798 , 2.78272 , 0.417054, 2.80348 
 639 , 29705.2287478 , 2.81297 , 0.417054, 2.80348 
 640 , 29792.4053431 , 2.78056 , 0.417054, 2.80348 
 641 , 29826.428472 , 2.85057 , 0.417054, 2.80348 
 642 , 29860.634057 , 2.81946 , 0.417054, 2.80348 
 643 , 29894.6227028 , 2.78488 , 0.417054, 2.80348 
 644 , 29928.715426 , 2.76976 , 0.417054, 2.80348 
 645 , 30015.917304 , 2.80692 , 0.417054, 2.80348 
 646 , 30049.9188669 , 2.77624 , 0.417054, 2.80348 
 647 , 30083.8838589 , 2.80563 , 0.417054, 2.80348 
 648 , 30117.7657919 , 2.79007 , 0.417054, 2.80348 
 649 , 30151.8199949 , 2.77883 , 0.417054, 2.80348 
 650 , 30239.083041 , 2.80044 , 0.417054, 2.80348 
 651 , 30273.1048679 , 2.79309 , 0.417054, 2.80348 
 652 , 30307.13447 , 2.78661 , 0.417054, 2.80348 
 653 , 30341.1074538 , 2.80131 , 0.417054, 2.80348 
 654 , 30375.17277 , 2.85144 , 0.417054, 2.80348 
 655 , 30462.3100948 , 2.79093 , 0.417054, 2.80348 
 656 , 30496.4140689 , 2.78748 , 0.417054, 2.80348 
 657 , 30530.396642 , 2.78748 , 0.417054, 2.80348 
 658 , 30564.37572 , 2.76457 , 0.417054, 2.80348 
 659 , 30598.47316 , 2.78143 , 0.417054, 2.80348 
 660 , 30685.653657 , 2.80217 , 0.417054, 2.80348 
 661 , 30719.759171 , 2.82119 , 0.417054, 2.80348 
 662 , 30753.9600229 , 2.77667 , 0.417054, 2.80348 
 663 , 30788.0060799 , 2.80779 , 0.417054, 2.80348 
 664 , 30821.9702849 , 2.80001 , 0.417054, 2.80348 
 665 , 30909.110693 , 2.7797 , 0.417054, 2.80348 
 666 , 30943.1512361 , 2.77927 , 0.417054, 2.80348 
 667 , 30977.23996 , 2.75939 , 0.417054, 2.80348 
 668 , 31011.2485349 , 2.80433 , 0.417054, 2.80348 
 669 , 31045.3049109 , 2.79482 , 0.417054, 2.80348 
 670 , 31132.536339 , 2.79785 , 0.417054, 2.80348 
 671 , 31166.5615759 , 2.78445 , 0.417054, 2.80348 
 672 , 31200.7209499 , 2.79396 , 0.417054, 2.80348 
 673 , 31234.839155 , 2.78013 , 0.417054, 2.80348 
 674 , 31268.851805 , 2.78532 , 0.417054, 2.80348 
 675 , 31355.913136 , 2.78402 , 0.417054, 2.80348 
 676 , 31389.9627938 , 2.78748 , 0.417054, 2.80348 
 677 , 31423.9671199 , 2.78186 , 0.417054, 2.80348 
 678 , 31458.1179619 , 2.80044 , 0.417054, 2.80348 
 679 , 31492.178786 , 2.80217 , 0.417054, 2.80348 
 680 , 31579.298255 , 2.80303 , 0.417054, 2.80348 
 681 , 31613.2125518 , 2.78315 , 0.417054, 2.80348 
 682 , 31647.369308 , 2.80433 , 0.417054, 2.80348 
 683 , 31681.446203 , 2.80779 , 0.417054, 2.80348 
 684 , 31715.5492001 , 2.82335 , 0.417054, 2.80348 
 685 , 31802.689647 , 2.82508 , 0.417054, 2.80348 
 686 , 31836.7476768 , 2.83847 , 0.417054, 2.80348 
 687 , 31870.971534 , 2.80736 , 0.417054, 2.80348 
 688 , 31905.164201 , 2.8026 , 0.417054, 2.80348 
 689 , 31939.283267 , 2.76933 , 0.417054, 2.80348 
 690 , 32026.5323999 , 2.76803 , 0.417054, 2.80348 
 691 , 32060.7133639 , 2.81341 , 0.417054, 2.80348 
 692 , 32094.7960138 , 2.74296 , 0.417054, 2.80348 
 693 , 32128.9761169 , 2.80001 , 0.417054, 2.80348 
 694 , 32163.1039178 , 2.81038 , 0.417054, 2.80348 
 695 , 32250.3545198 , 2.8026 , 0.417054, 2.80348 
 696 , 32284.473963 , 2.8147 , 0.417054, 2.80348 
 697 , 32318.5548499 , 2.76371 , 0.417054, 2.80348 
 698 , 32352.6614819 , 2.81557 , 0.417054, 2.80348 
 699 , 32386.732919 , 2.80736 , 0.417054, 2.80348 
 700 , 32473.8819149 , 2.8039 , 0.417054, 2.80348 
 701 , 32508.0222609 , 2.8039 , 0.417054, 2.80348 
 702 , 32542.2399659 , 2.80476 , 0.417054, 2.80348 
 703 , 32576.40556 , 2.81557 , 0.417054, 2.80348 
 704 , 32610.5516629 , 2.80217 , 0.417054, 2.80348 
 705 , 32697.7948809 , 2.76414 , 0.417054, 2.80348 
 706 , 32731.8570418 , 2.8389 , 0.417054, 2.80348 
 707 , 32766.1436329 , 2.78834 , 0.417054, 2.80348 
 708 , 32800.4193978 , 2.80692 , 0.417054, 2.80348 
 709 , 32834.651155 , 2.81643 , 0.417054, 2.80348 
 710 , 32921.9690919 , 2.80044 , 0.417054, 2.80348 
 711 , 32956.042479 , 2.77235 , 0.417054, 2.80348 
 712 , 32990.350553 , 2.77149 , 0.417054, 2.80348 
 713 , 33024.6847129 , 2.77321 , 0.417054, 2.80348 
 714 , 33058.8301539 , 2.79742 , 0.417054, 2.80348 
 715 , 33145.866374 , 2.77278 , 0.417054, 2.80348 
 716 , 33179.9814188 , 2.80908 , 0.417054, 2.80348 
 717 , 33214.074888 , 2.76371 , 0.417054, 2.80348 
 718 , 33248.053766 , 2.765 , 0.417054, 2.80348 
 719 , 33282.060205 , 2.8294 , 0.417054, 2.80348 
 720 , 33369.32212 , 2.7918 , 0.417054, 2.80348 
 721 , 33403.4894938 , 2.8147 , 0.417054, 2.80348 
 722 , 33437.438987 , 2.79137 , 0.417054, 2.80348 
 723 , 33471.48716 , 2.79569 , 0.417054, 2.80348 
 724 , 33505.732497 , 2.75593 , 0.417054, 2.80348 
 725 , 33592.8083119 , 2.78315 , 0.417054, 2.80348 
 726 , 33626.8788109 , 2.79309 , 0.417054, 2.80348 
 727 , 33661.1170459 , 2.83674 , 0.417054, 2.80348 
 728 , 33695.1935968 , 2.83069 , 0.417054, 2.80348 
 729 , 33729.301127 , 2.81168 , 0.417054, 2.80348 
 730 , 33816.5566139 , 2.79007 , 0.417054, 2.80348 
 731 , 33850.6220129 , 2.78359 , 0.417054, 2.80348 
 732 , 33884.849329 , 2.79353 , 0.417054, 2.80348 
 733 , 33919.0589869 , 2.81341 , 0.417054, 2.80348 
 734 , 33953.20065 , 2.78272 , 0.417054, 2.80348 
 735 , 34040.36499 , 2.80822 , 0.417054, 2.80348 
 736 , 34074.4609919 , 2.78575 , 0.417054, 2.80348 
 737 , 34108.7730138 , 2.81816 , 0.417054, 2.80348 
 738 , 34142.8921139 , 2.83588 , 0.417054, 2.80348 
 739 , 34177.017906 , 2.80952 , 0.417054, 2.80348 
 740 , 34264.2741539 , 2.78143 , 0.417054, 2.80348 
 741 , 34298.399111 , 2.7918 , 0.417054, 2.80348 
 742 , 34332.535476 , 2.78013 , 0.417054, 2.80348 
 743 , 34366.6363289 , 2.79353 , 0.417054, 2.80348 
 744 , 34400.8210969 , 2.81557 , 0.417054, 2.80348 
 745 , 34488.077601 , 2.80433 , 0.417054, 2.80348 
 746 , 34522.1739368 , 2.8173 , 0.417054, 2.80348 
 747 , 34556.4573228 , 2.80433 , 0.417054, 2.80348 
 748 , 34590.645359 , 2.78272 , 0.417054, 2.80348 
 749 , 34624.785341 , 2.79828 , 0.417054, 2.80348 
 750 , 34712.0065069 , 2.78921 , 0.417054, 2.80348 
 751 , 34746.124167 , 2.82119 , 0.417054, 2.80348 
 752 , 34780.2857521 , 2.84452 , 0.417054, 2.80348 
 753 , 34814.4400408 , 2.76933 , 0.417054, 2.80348 
 754 , 34848.652179 , 2.81643 , 0.417054, 2.80348 
 755 , 34936.2668159 , 2.80649 , 0.417054, 2.80348 
 756 , 34970.4079049 , 2.7784 , 0.417054, 2.80348 
 757 , 35004.5758898 , 2.77451 , 0.417054, 2.80348 
 758 , 35038.6780241 , 2.77797 , 0.417054, 2.80348 
 759 , 35072.920856 , 2.82508 , 0.417054, 2.80348 
 760 , 35160.2847769 , 2.74901 , 0.417054, 2.80348 
 761 , 35194.506403 , 2.84798 , 0.417054, 2.80348 
 762 , 35228.8131659 , 2.77581 , 0.417054, 2.80348 
 763 , 35263.1111438 , 2.80736 , 0.417054, 2.80348 
 764 , 35297.316036 , 2.78877 , 0.417054, 2.80348 
 765 , 35384.565752 , 2.78834 , 0.417054, 2.80348 
 766 , 35418.779654 , 2.78186 , 0.417054, 2.80348 
 767 , 35453.053452 , 2.80952 , 0.417054, 2.80348 
 768 , 35487.197789 , 2.79655 , 0.417054, 2.80348 
 769 , 35521.4294438 , 2.78532 , 0.417054, 2.80348 
 770 , 35608.840924 , 2.7784 , 0.417054, 2.80348 
 771 , 35643.1632049 , 2.76544 , 0.417054, 2.80348 
 772 , 35677.405668 , 2.78445 , 0.417054, 2.80348 
 773 , 35711.73945 , 2.82551 , 0.417054, 2.80348 
 774 , 35745.9119968 , 2.81946 , 0.417054, 2.80348 
 775 , 35833.232393 , 2.79828 , 0.417054, 2.80348 
 776 , 35867.60605 , 2.78315 , 0.417054, 2.80348 
 777 , 35901.935715 , 2.77581 , 0.417054, 2.80348 
 778 , 35936.064985 , 2.80736 , 0.417054, 2.80348 
 779 , 35970.310904 , 2.77927 , 0.417054, 2.80348 
 780 , 36057.678957 , 2.76284 , 0.417054, 2.80348 
 781 , 36091.9953361 , 2.78834 , 0.417054, 2.80348 
 782 , 36126.198838 , 2.78748 , 0.417054, 2.80348 
 783 , 36160.5710199 , 2.82162 , 0.417054, 2.80348 
 784 , 36194.8811851 , 2.82507 , 0.417054, 2.80348 
 785 , 36282.2684669 , 2.78359 , 0.417054, 2.80348 
 786 , 36316.5451748 , 2.79569 , 0.417054, 2.80348 
 787 , 36350.6348701 , 2.78921 , 0.417054, 2.80348 
 788 , 36384.807456 , 2.76889 , 0.417054, 2.80348 
 789 , 36418.8288748 , 2.81902 , 0.417054, 2.80348 
 790 , 36506.2177689 , 2.77192 , 0.417054, 2.80348 
 791 , 36540.357172 , 2.81773 , 0.417054, 2.80348 
 792 , 36574.452702 , 2.77883 , 0.417054, 2.80348 
 793 , 36608.5957539 , 2.78964 , 0.417054, 2.80348 
 794 , 36642.767282 , 2.75636 , 0.417054, 2.80348 
 795 , 36730.317173 , 2.78877 , 0.417054, 2.80348 
 796 , 36764.331548 , 2.78532 , 0.417054, 2.80348 
 797 , 36798.591608 , 2.78013 , 0.417054, 2.80348 
 798 , 36832.900171 , 2.80908 , 0.417054, 2.80348 
 799 , 36867.222806 , 2.79439 , 0.417054, 2.80348 
 800 , 36954.474731 , 2.79223 , 0.417054, 2.80348 
 801 , 36988.6391339 , 2.77494 , 0.417054, 2.80348 
 802 , 37022.7793889 , 2.7797 , 0.417054, 2.80348 
 803 , 37056.768157 , 2.8026 , 0.417054, 2.80348 
 804 , 37090.8997219 , 2.80087 , 0.417054, 2.80348 
 805 , 37178.075263 , 2.81816 , 0.417054, 2.80348 
 806 , 37212.137995 , 2.75247 , 0.417054, 2.80348 
 807 , 37246.4345489 , 2.7918 , 0.417054, 2.80348 
 808 , 37280.571264 , 2.77494 , 0.417054, 2.80348 
 809 , 37314.6918969 , 2.78229 , 0.417054, 2.80348 
 810 , 37401.920949 , 2.80995 , 0.417054, 2.80348 
 811 , 37436.1912889 , 2.82119 , 0.417054, 2.80348 
 812 , 37470.3009899 , 2.7784 , 0.417054, 2.80348 
 813 , 37504.36131 , 2.8026 , 0.417054, 2.80348 
 814 , 37538.512342 , 2.81341 , 0.417054, 2.80348 
 815 , 37625.7799249 , 2.83415 , 0.417054, 2.80348 
 816 , 37659.989306 , 2.7797 , 0.417054, 2.80348 
 817 , 37694.2566319 , 2.78186 , 0.417054, 2.80348 
 818 , 37728.361398 , 2.80087 , 0.417054, 2.80348 
 819 , 37762.630527 , 2.78877 , 0.417054, 2.80348 
 820 , 37849.8374379 , 2.83242 , 0.417054, 2.80348 
 821 , 37884.0773571 , 2.82205 , 0.417054, 2.80348 
 822 , 37918.1454148 , 2.79396 , 0.417054, 2.80348 
 823 , 37952.4453669 , 2.76328 , 0.417054, 2.80348 
 824 , 37986.553041 , 2.77494 , 0.417054, 2.80348 
 825 , 38073.6170909 , 2.78186 , 0.417054, 2.80348 
 826 , 38107.7472579 , 2.78532 , 0.417054, 2.80348 
 827 , 38141.934247 , 2.76803 , 0.417054, 2.80348 
 828 , 38176.1158829 , 2.7771 , 0.417054, 2.80348 
 829 , 38210.1710989 , 2.77019 , 0.417054, 2.80348 
 830 , 38297.4641919 , 2.78272 , 0.417054, 2.80348 
 831 , 38331.6824429 , 2.80692 , 0.417054, 2.80348 
 832 , 38365.9309878 , 2.78618 , 0.417054, 2.80348 
 833 , 38400.1794128 , 2.79958 , 0.417054, 2.80348 
 834 , 38434.442292 , 2.80303 , 0.417054, 2.80348 
 835 , 38521.877259 , 2.76457 , 0.417054, 2.80348 
 836 , 38556.0064991 , 2.78013 , 0.417054, 2.80348 
 837 , 38590.171149 , 2.78661 , 0.417054, 2.80348 
 838 , 38624.310024 , 2.80563 , 0.417054, 2.80348 
 839 , 38658.319629 , 2.77149 , 0.417054, 2.80348 
 840 , 38745.419795 , 2.79914 , 0.417054, 2.80348 
 841 , 38779.5039589 , 2.82119 , 0.417054, 2.80348 
 842 , 38813.642729 , 2.82162 , 0.417054, 2.80348 
 843 , 38847.764467 , 2.84366 , 0.417054, 2.80348 
 844 , 38881.957351 , 2.8173 , 0.417054, 2.80348 
 845 , 38969.3256428 , 2.83372 , 0.417054, 2.80348 
 846 , 39003.6637099 , 2.8052 , 0.417054, 2.80348 
 847 , 39037.8674068 , 2.78704 , 0.417054, 2.80348 
 848 , 39072.2455719 , 2.77624 , 0.417054, 2.80348 
 849 , 39106.4822259 , 2.78143 , 0.417054, 2.80348 
 850 , 39193.952564 , 2.80736 , 0.417054, 2.80348 
 851 , 39228.031179 , 2.78964 , 0.417054, 2.80348 
 852 , 39262.284322 , 2.82032 , 0.417054, 2.80348 
 853 , 39296.4899919 , 2.81038 , 0.417054, 2.80348 
 854 , 39330.7564418 , 2.79396 , 0.417054, 2.80348 
 855 , 39418.1616859 , 2.80995 , 0.417054, 2.80348 
 856 , 39452.3537219 , 2.78791 , 0.417054, 2.80348 
 857 , 39486.625514 , 2.82767 , 0.417054, 2.80348 
 858 , 39520.8464448 , 2.79266 , 0.417054, 2.80348 
 859 , 39555.2245018 , 2.76457 , 0.417054, 2.80348 
 860 , 39642.4507749 , 2.78315 , 0.417054, 2.80348 
 861 , 39676.7308578 , 2.81254 , 0.417054, 2.80348 
 862 , 39710.940773 , 2.77235 , 0.417054, 2.80348 
 863 , 39745.1610119 , 2.77927 , 0.417054, 2.80348 
 864 , 39779.3594708 , 2.78834 , 0.417054, 2.80348 
 865 , 39866.7205899 , 2.80606 , 0.417054, 2.80348 
 866 , 39900.907233 , 2.8415 , 0.417054, 2.80348 
 867 , 39935.268501 , 2.80131 , 0.417054, 2.80348 
 868 , 39969.616394 , 2.80908 , 0.417054, 2.80348 
 869 , 40003.914573 , 2.79309 , 0.417054, 2.80348 
 870 , 40091.447787 , 2.82508 , 0.417054, 2.80348 
 871 , 40125.80318 , 2.82464 , 0.417054, 2.80348 
 872 , 40160.0595169 , 2.78315 , 0.417054, 2.80348 
 873 , 40194.5195398 , 2.78618 , 0.417054, 2.80348 
 874 , 40228.8137379 , 2.77667 , 0.417054, 2.80348 
 875 , 40316.1833889 , 2.77927 , 0.417054, 2.80348 
 876 , 40350.4048669 , 2.86181 , 0.417054, 2.80348 
 877 , 40384.611685 , 2.79093 , 0.417054, 2.80348 
 878 , 40418.856761 , 2.79871 , 0.417054, 2.80348 
 879 , 40453.095031 , 2.77451 , 0.417054, 2.80348 
 880 , 40540.4085178 , 2.78402 , 0.417054, 2.80348 
 881 , 40574.6544309 , 2.77797 , 0.417054, 2.80348 
 882 , 40609.200784 , 2.81773 , 0.417054, 2.80348 
 883 , 40643.417104 , 2.80174 , 0.417054, 2.80348 
 884 , 40677.642791 , 2.8268 , 0.417054, 2.80348 
 885 , 40765.013341 , 2.79526 , 0.417054, 2.80348 
 886 , 40799.329628 , 2.82724 , 0.417054, 2.80348 
 887 , 40833.5327311 , 2.83113 , 0.417054, 2.80348 
 888 , 40867.738003 , 2.78575 , 0.417054, 2.80348 
 889 , 40901.825561 , 2.78013 , 0.417054, 2.80348 
 890 , 40989.2266948 , 2.77797 , 0.417054, 2.80348 
 891 , 41023.315501 , 2.79353 , 0.417054, 2.80348 
 892 , 41057.344141 , 2.80087 , 0.417054, 2.80348 
 893 , 41091.6480429 , 2.75939 , 0.417054, 2.80348 
 894 , 41125.8800149 , 2.78359 , 0.417054, 2.80348 
 895 , 41213.1786668 , 2.76155 , 0.417054, 2.80348 
 896 , 41247.403739 , 2.78704 , 0.417054, 2.80348 
 897 , 41281.7115099 , 2.81211 , 0.417054, 2.80348 
 898 , 41315.77967 , 2.74296 , 0.417054, 2.80348 
 899 , 41350.0410318 , 2.79612 , 0.417054, 2.80348 
 900 , 41437.3423228 , 2.76803 , 0.417054, 2.80348 
 901 , 41471.599463 , 2.81989 , 0.417054, 2.80348 
 902 , 41505.8841479 , 2.79266 , 0.417054, 2.80348 
 903 , 41540.1300581 , 2.8026 , 0.417054, 2.80348 
 904 , 41574.4135931 , 2.7676 , 0.417054, 2.80348 
 905 , 41661.775012 , 2.80606 , 0.417054, 2.80348 
 906 , 41695.9641619 , 2.80131 , 0.417054, 2.80348 
 907 , 41730.258604 , 2.8039 , 0.417054, 2.80348 
 908 , 41764.486799 , 2.84236 , 0.417054, 2.80348 
 909 , 41798.867115 , 2.80217 , 0.417054, 2.80348 
 910 , 41886.3555958 , 2.80303 , 0.417054, 2.80348 
 911 , 41920.5704799 , 2.76328 , 0.417054, 2.80348 
 912 , 41954.9430709 , 2.78964 , 0.417054, 2.80348 
 913 , 41989.193604 , 2.78402 , 0.417054, 2.80348 
 914 , 42023.372813 , 2.76587 , 0.417054, 2.80348 
 915 , 42110.709415 , 2.83242 , 0.417054, 2.80348 
 916 , 42144.9551659 , 2.78575 , 0.417054, 2.80348 
 917 , 42179.2702429 , 2.82464 , 0.417054, 2.80348 
 918 , 42213.7404211 , 2.83415 , 0.417054, 2.80348 
 919 , 42248.0056109 , 2.77062 , 0.417054, 2.80348 
 920 , 42335.384181 , 2.79439 , 0.417054, 2.80348 
 921 , 42369.5565269 , 2.80347 , 0.417054, 2.80348 
 922 , 42403.7681561 , 2.77494 , 0.417054, 2.80348 
 923 , 42437.9904709 , 2.79439 , 0.417054, 2.80348 
 924 , 42472.122354 , 2.78488 , 0.417054, 2.80348 
 925 , 42559.509614 , 2.8039 , 0.417054, 2.80348 
 926 , 42593.657645 , 2.80001 , 0.417054, 2.80348 
 927 , 42627.8296249 , 2.82119 , 0.417054, 2.80348 
 928 , 42661.8754098 , 2.79871 , 0.417054, 2.80348 
 929 , 42696.2182338 , 2.76976 , 0.417054, 2.80348 
 930 , 42783.565805 , 2.80476 , 0.417054, 2.80348 
 931 , 42817.848731 , 2.76803 , 0.417054, 2.80348 
 932 , 42852.223258 , 2.80217 , 0.417054, 2.80348 
 933 , 42886.382782 , 2.78143 , 0.417054, 2.80348 
 934 , 42920.3942699 , 2.77667 , 0.417054, 2.80348 
 935 , 43007.600775 , 2.76025 , 0.417054, 2.80348 
 936 , 43041.79901 , 2.8026 , 0.417054, 2.80348 
 937 , 43075.8661489 , 2.77883 , 0.417054, 2.80348 
 938 , 43109.9284279 , 2.81125 , 0.417054, 2.80348 
 939 , 43144.0615499 , 2.79698 , 0.417054, 2.80348 
 940 , 43231.3276 , 2.7892 , 0.417054, 2.80348 
 941 , 43265.4679379 , 2.80649 , 0.417054, 2.80348 
 942 , 43299.591176 , 2.80736 , 0.417054, 2.80348 
 943 , 43333.8168449 , 2.81773 , 0.417054, 2.80348 
 944 , 43368.009058 , 2.77365 , 0.417054, 2.80348 
 945 , 43455.2248409 , 2.78445 , 0.417054, 2.80348 
 946 , 43489.352278 , 2.78488 , 0.417054, 2.80348 
 947 , 43523.565371 , 2.74426 , 0.417054, 2.80348 
 948 , 43557.850569 , 2.80433 , 0.417054, 2.80348 
 949 , 43591.9202719 , 2.82291 , 0.417054, 2.80348 
 950 , 43679.141732 , 2.77624 , 0.417054, 2.80348 
 951 , 43713.303138 , 2.81643 , 0.417054, 2.80348 
 952 , 43747.2894778 , 2.8402 , 0.417054, 2.80348 
 953 , 43781.536633 , 2.78315 , 0.417054, 2.80348 
 954 , 43815.7827199 , 2.79482 , 0.417054, 2.80348 
 955 , 43903.2048008 , 2.77883 , 0.417054, 2.80348 
 956 , 43937.4108219 , 2.76716 , 0.417054, 2.80348 
 957 , 43971.455585 , 2.80001 , 0.417054, 2.80348 
 958 , 44005.7266529 , 2.79482 , 0.417054, 2.80348 
 959 , 44040.030055 , 2.79569 , 0.417054, 2.80348 
 960 , 44127.2915919 , 2.80995 , 0.417054, 2.80348 
 961 , 44161.634779 , 2.765 , 0.417054, 2.80348 
 962 , 44195.834949 , 2.76889 , 0.417054, 2.80348 
 963 , 44229.920861 , 2.78445 , 0.417054, 2.80348 
 964 , 44264.1000409 , 2.76198 , 0.417054, 2.80348 
 965 , 44351.3764598 , 2.74685 , 0.417054, 2.80348 
 966 , 44385.4963589 , 2.77624 , 0.417054, 2.80348 
 967 , 44419.810251 , 2.79093 , 0.417054, 2.80348 
 968 , 44454.0535369 , 2.79396 , 0.417054, 2.80348 
 969 , 44488.274065 , 2.79871 , 0.417054, 2.80348 
 970 , 44575.545609 , 2.79353 , 0.417054, 2.80348 
 971 , 44609.640213 , 2.75895 , 0.417054, 2.80348 
 972 , 44643.712718 , 2.80692 , 0.417054, 2.80348 
 973 , 44677.823081 , 2.77538 , 0.417054, 2.80348 
 974 , 44711.9055419 , 2.8389 , 0.417054, 2.80348 
 975 , 44799.160712 , 2.8026 , 0.417054, 2.80348 
 976 , 44833.24404 , 2.82075 , 0.417054, 2.80348 
 977 , 44867.5150828 , 2.77538 , 0.417054, 2.80348 
 978 , 44901.6015859 , 2.78315 , 0.417054, 2.80348 
 979 , 44935.7865379 , 2.78704 , 0.417054, 2.80348 
 980 , 45023.1617479 , 2.76414 , 0.417054, 2.80348 
 981 , 45057.2180839 , 2.79353 , 0.417054, 2.80348 
 982 , 45091.293746 , 2.8052 , 0.417054, 2.80348 
 983 , 45125.5697339 , 2.78143 , 0.417054, 2.80348 
 984 , 45159.681412 , 2.80952 , 0.417054, 2.80348 
 985 , 45247.081512 , 2.78359 , 0.417054, 2.80348 
 986 , 45281.1744599 , 2.82032 , 0.417054, 2.80348 
 987 , 45315.4922669 , 2.80736 , 0.417054, 2.80348 
 988 , 45349.625515 , 2.83329 , 0.417054, 2.80348 
 989 , 45383.92871 , 2.79396 , 0.417054, 2.80348 
 990 , 45471.1010621 , 2.7771 , 0.417054, 2.80348 
 991 , 45505.137917 , 2.80174 , 0.417054, 2.80348 
 992 , 45539.4227209 , 2.78575 , 0.417054, 2.80348 
 993 , 45573.54972 , 2.77624 , 0.417054, 2.80348 
 994 , 45608.0578339 , 2.83501 , 0.417054, 2.80348 
 995 , 45695.4688449 , 2.79785 , 0.417054, 2.80348 
 996 , 45729.491204 , 2.83372 , 0.417054, 2.80348 
 997 , 45763.6748409 , 2.8052 , 0.417054, 2.80348 
 998 , 45797.8348598 , 2.80736 , 0.417054, 2.80348 
 999 , 45831.9333858 , 2.79698 , 0.417054, 2.80348 
 1000 , 45918.2286439 , 2.74599 , 0.417054, 2.80348 
