#wRandFlip 
#The training is running for 150 epochs, each with 55421 images. The validation sample contains 6157 images. 
#round  ,time, mean_train_loss , mean_valid_loss, mean_sliced_accuracy, mean_train_loss_test, mean_accuracy 
#eval losses and metrics:
#history of model: model_norm_metrics
{"loss": [0.042231161510990836, 0.026313602867169737], "sliced_accuracy_std": [0.26561608274532483, 0.20648032985173864], "categorical_accuracy": [0.055871365937064446, 0.60695143739317892], "sliced_accuracy_mean": [0.38934251647675522, 0.61894076556301314], "rmse": [0.20549734991267068, 0.1622005979194257]}
#history of model: model_norm
{"loss": [0.029890817000505027, 0.029814602926783604, 0.029844166676795812, 0.02982853110367005, 0.029767686432791412, 0.029812609793943002, 0.029801253947096134, 0.029833966780693159, 0.029831302104466551, 0.02979022327707995, 0.029818145182291301, 0.029637511734158621, 0.029908920834780833, 0.029940786848374461, 0.029874943521454794, 0.029723831631858415, 0.029671935996878038, 0.027612334390709158, 0.026222743640799042, 0.025878674376311653]}
#history of model: model_norm_metrics
{"loss": [0.042231161510990836, 0.026313602867169737, 0.017398217486951844], "sliced_accuracy_std": [0.26561608274532483, 0.20648032985173864, 0.20253109174181699], "categorical_accuracy": [0.055871365937064446, 0.60695143739317892, 0.71755725194712017], "sliced_accuracy_mean": [0.38934251647675522, 0.61894076556301314, 0.66029798033873677], "rmse": [0.20549734991267068, 0.1622005979194257, 0.13188520499603573]}
#history of model: model_norm
{"loss": [0.029890817000505027, 0.029814602926783604, 0.029844166676795812, 0.02982853110367005, 0.029767686432791412, 0.029812609793943002, 0.029801253947096134, 0.029833966780693159, 0.029831302104466551, 0.02979022327707995, 0.029818145182291301, 0.029637511734158621, 0.029908920834780833, 0.029940786848374461, 0.029874943521454794, 0.029723831631858415, 0.029671935996878038, 0.027612334390709158, 0.026222743640799042, 0.025878674376311653, 0.025448867829020963, 0.025118442320632279, 0.024997360098662727, 0.024538956958492963, 0.023932904603147724, 0.023568299317031825, 0.022931856692794267, 0.022552780072213313, 0.022240516174277036, 0.021697776716783506, 0.021244631516277243, 0.020847925762517736, 0.020613310807341828, 0.02026587174436368, 0.020024363002782569, 0.019741328125563236, 0.019312328445391918, 0.019041654594037512, 0.018754631212545097, 0.018572760250316848]}
#history of model: model_norm_metrics
{"loss": [0.042231161510990836, 0.026313602867169737, 0.017398217486951844, 0.016035155369132512], "sliced_accuracy_std": [0.26561608274532483, 0.20648032985173864, 0.20253109174181699, 0.20213181922018325], "categorical_accuracy": [0.055871365937064446, 0.60695143739317892, 0.71755725194712017, 0.744680851102553], "sliced_accuracy_mean": [0.38934251647675522, 0.61894076556301314, 0.66029798033873677, 0.66762149939003446], "rmse": [0.20549734991267068, 0.1622005979194257, 0.13188520499603573, 0.126613380656975]}
#history of model: model_norm
{"loss": [0.029890817000505027, 0.029814602926783604, 0.029844166676795812, 0.02982853110367005, 0.029767686432791412, 0.029812609793943002, 0.029801253947096134, 0.029833966780693159, 0.029831302104466551, 0.02979022327707995, 0.029818145182291301, 0.029637511734158621, 0.029908920834780833, 0.029940786848374461, 0.029874943521454794, 0.029723831631858415, 0.029671935996878038, 0.027612334390709158, 0.026222743640799042, 0.025878674376311653, 0.025448867829020963, 0.025118442320632279, 0.024997360098662727, 0.024538956958492963, 0.023932904603147724, 0.023568299317031825, 0.022931856692794267, 0.022552780072213313, 0.022240516174277036, 0.021697776716783506, 0.021244631516277243, 0.020847925762517736, 0.020613310807341828, 0.02026587174436368, 0.020024363002782569, 0.019741328125563236, 0.019312328445391918, 0.019041654594037512, 0.018754631212545097, 0.018572760250316848, 0.017932141985778416, 0.017768519699846934, 0.017751396283370639, 0.017658419360261444, 0.017533150817686263, 0.017525327178316379, 0.017424557358026505, 0.017398173809735053, 0.01732218680783696, 0.017239420461135174, 0.017302852294860629, 0.017194087864882357, 0.017060376003111173, 0.016987785363757828, 0.017030863979950957, 0.016973160788280154, 0.016837291624567926, 0.016830905767824124, 0.016720393125753883, 0.016773180344030945]}
#history of model: model_norm_metrics
{"loss": [0.042231161510990836, 0.026313602867169737, 0.017398217486951844, 0.016035155369132512, 0.015171151365906325], "sliced_accuracy_std": [0.26561608274532483, 0.20648032985173864, 0.20253109174181699, 0.20213181922018325, 0.19511478704902399], "categorical_accuracy": [0.055871365937064446, 0.60695143739317892, 0.71755725194712017, 0.744680851102553, 0.75799902554783549], "sliced_accuracy_mean": [0.38934251647675522, 0.61894076556301314, 0.66029798033873677, 0.66762149939003446, 0.68093968774661706], "rmse": [0.20549734991267068, 0.1622005979194257, 0.13188520499603573, 0.126613380656975, 0.12315535786158856]}
#history of model: model_norm
{"loss": [0.029890817000505027, 0.029814602926783604, 0.029844166676795812, 0.02982853110367005, 0.029767686432791412, 0.029812609793943002, 0.029801253947096134, 0.029833966780693159, 0.029831302104466551, 0.02979022327707995, 0.029818145182291301, 0.029637511734158621, 0.029908920834780833, 0.029940786848374461, 0.029874943521454794, 0.029723831631858415, 0.029671935996878038, 0.027612334390709158, 0.026222743640799042, 0.025878674376311653, 0.025448867829020963, 0.025118442320632279, 0.024997360098662727, 0.024538956958492963, 0.023932904603147724, 0.023568299317031825, 0.022931856692794267, 0.022552780072213313, 0.022240516174277036, 0.021697776716783506, 0.021244631516277243, 0.020847925762517736, 0.020613310807341828, 0.02026587174436368, 0.020024363002782569, 0.019741328125563236, 0.019312328445391918, 0.019041654594037512, 0.018754631212545097, 0.018572760250316848, 0.017932141985778416, 0.017768519699846934, 0.017751396283370639, 0.017658419360261444, 0.017533150817686263, 0.017525327178316379, 0.017424557358026505, 0.017398173809735053, 0.01732218680783696, 0.017239420461135174, 0.017302852294860629, 0.017194087864882357, 0.017060376003111173, 0.016987785363757828, 0.017030863979950957, 0.016973160788280154, 0.016837291624567926, 0.016830905767824124, 0.016720393125753883, 0.016773180344030945, 0.016740166402738028, 0.016660041876410674, 0.016589517380461234, 0.016550379352421936, 0.01656650715088899, 0.016477772291031999, 0.016475297194486913, 0.016369750988114318, 0.016393169888867697, 0.016295774011026828, 0.016342305868795707, 0.016260042897673375, 0.016151449190230545, 0.016114148559100039, 0.016124267746275719, 0.016020567651940595, 0.016007861011413806, 0.015947061325978795, 0.015908668253468265, 0.015829949947330384]}
#history of model: model_norm_metrics
{"loss": [0.042231161510990836, 0.026313602867169737, 0.017398217486951844, 0.016035155369132512, 0.015171151365906325, 0.014668384170293111], "sliced_accuracy_std": [0.26561608274532483, 0.20648032985173864, 0.20253109174181699, 0.20213181922018325, 0.19511478704902399, 0.18961267142795754], "categorical_accuracy": [0.055871365937064446, 0.60695143739317892, 0.71755725194712017, 0.744680851102553, 0.75799902554783549, 0.7661198636183244], "sliced_accuracy_mean": [0.38934251647675522, 0.61894076556301314, 0.66029798033873677, 0.66762149939003446, 0.68093968774661706, 0.68477861270785279], "rmse": [0.20549734991267068, 0.1622005979194257, 0.13188520499603573, 0.126613380656975, 0.12315535786158856, 0.12109965382941613]}
#history of model: model_norm
{"loss": [0.029890817000505027, 0.029814602926783604, 0.029844166676795812, 0.02982853110367005, 0.029767686432791412, 0.029812609793943002, 0.029801253947096134, 0.029833966780693159, 0.029831302104466551, 0.02979022327707995, 0.029818145182291301, 0.029637511734158621, 0.029908920834780833, 0.029940786848374461, 0.029874943521454794, 0.029723831631858415, 0.029671935996878038, 0.027612334390709158, 0.026222743640799042, 0.025878674376311653, 0.025448867829020963, 0.025118442320632279, 0.024997360098662727, 0.024538956958492963, 0.023932904603147724, 0.023568299317031825, 0.022931856692794267, 0.022552780072213313, 0.022240516174277036, 0.021697776716783506, 0.021244631516277243, 0.020847925762517736, 0.020613310807341828, 0.02026587174436368, 0.020024363002782569, 0.019741328125563236, 0.019312328445391918, 0.019041654594037512, 0.018754631212545097, 0.018572760250316848, 0.017932141985778416, 0.017768519699846934, 0.017751396283370639, 0.017658419360261444, 0.017533150817686263, 0.017525327178316379, 0.017424557358026505, 0.017398173809735053, 0.01732218680783696, 0.017239420461135174, 0.017302852294860629, 0.017194087864882357, 0.017060376003111173, 0.016987785363757828, 0.017030863979950957, 0.016973160788280154, 0.016837291624567926, 0.016830905767824124, 0.016720393125753883, 0.016773180344030945, 0.016740166402738028, 0.016660041876410674, 0.016589517380461234, 0.016550379352421936, 0.01656650715088899, 0.016477772291031999, 0.016475297194486913, 0.016369750988114318, 0.016393169888867697, 0.016295774011026828, 0.016342305868795707, 0.016260042897673375, 0.016151449190230545, 0.016114148559100039, 0.016124267746275719, 0.016020567651940595, 0.016007861011413806, 0.015947061325978795, 0.015908668253468265, 0.015829949947330384, 0.015742248377053562, 0.015686577561935155, 0.015719556386386037, 0.015690630951195682, 0.015705131395899373, 0.015707067786416878, 0.015688013849318574, 0.015632128069570306, 0.015597949342785078, 0.01550416033202355, 0.015536358733789637, 0.015533578043820662, 0.015452289706044788, 0.015479399207466786, 0.015500245897800004, 0.01536108388505671, 0.015447110843357689, 0.015338032369698407, 0.015302433563960254, 0.015298266314106797]}
#history of model: model_norm_metrics
{"loss": [0.042231161510990836, 0.026313602867169737, 0.017398217486951844, 0.016035155369132512, 0.015171151365906325, 0.014668384170293111, 0.014299119049881367], "sliced_accuracy_std": [0.26561608274532483, 0.20648032985173864, 0.20253109174181699, 0.20213181922018325, 0.19511478704902399, 0.18961267142795754, 0.18607541726106788], "categorical_accuracy": [0.055871365937064446, 0.60695143739317892, 0.71755725194712017, 0.744680851102553, 0.75799902554783549, 0.7661198636183244, 0.77001786589215904], "sliced_accuracy_mean": [0.38934251647675522, 0.61894076556301314, 0.66029798033873677, 0.66762149939003446, 0.68093968774661706, 0.68477861270785279, 0.68508869548964579], "rmse": [0.20549734991267068, 0.1622005979194257, 0.13188520499603573, 0.126613380656975, 0.12315535786158856, 0.12109965382941613, 0.11956475393152942]}
#history of model: model_norm
{"loss": [0.029890817000505027, 0.029814602926783604, 0.029844166676795812, 0.02982853110367005, 0.029767686432791412, 0.029812609793943002, 0.029801253947096134, 0.029833966780693159, 0.029831302104466551, 0.02979022327707995, 0.029818145182291301, 0.029637511734158621, 0.029908920834780833, 0.029940786848374461, 0.029874943521454794, 0.029723831631858415, 0.029671935996878038, 0.027612334390709158, 0.026222743640799042, 0.025878674376311653, 0.025448867829020963, 0.025118442320632279, 0.024997360098662727, 0.024538956958492963, 0.023932904603147724, 0.023568299317031825, 0.022931856692794267, 0.022552780072213313, 0.022240516174277036, 0.021697776716783506, 0.021244631516277243, 0.020847925762517736, 0.020613310807341828, 0.02026587174436368, 0.020024363002782569, 0.019741328125563236, 0.019312328445391918, 0.019041654594037512, 0.018754631212545097, 0.018572760250316848, 0.017932141985778416, 0.017768519699846934, 0.017751396283370639, 0.017658419360261444, 0.017533150817686263, 0.017525327178316379, 0.017424557358026505, 0.017398173809735053, 0.01732218680783696, 0.017239420461135174, 0.017302852294860629, 0.017194087864882357, 0.017060376003111173, 0.016987785363757828, 0.017030863979950957, 0.016973160788280154, 0.016837291624567926, 0.016830905767824124, 0.016720393125753883, 0.016773180344030945, 0.016740166402738028, 0.016660041876410674, 0.016589517380461234, 0.016550379352421936, 0.01656650715088899, 0.016477772291031999, 0.016475297194486913, 0.016369750988114318, 0.016393169888867697, 0.016295774011026828, 0.016342305868795707, 0.016260042897673375, 0.016151449190230545, 0.016114148559100039, 0.016124267746275719, 0.016020567651940595, 0.016007861011413806, 0.015947061325978795, 0.015908668253468265, 0.015829949947330384, 0.015742248377053562, 0.015686577561935155, 0.015719556386386037, 0.015690630951195682, 0.015705131395899373, 0.015707067786416878, 0.015688013849318574, 0.015632128069570306, 0.015597949342785078, 0.01550416033202355, 0.015536358733789637, 0.015533578043820662, 0.015452289706044788, 0.015479399207466786, 0.015500245897800004, 0.01536108388505671, 0.015447110843357689, 0.015338032369698407, 0.015302433563960254, 0.015298266314106797, 0.015334064653570499, 0.015200812805341472, 0.015305957415166799, 0.015369125624793933, 0.015189783041015131, 0.015180321538462004, 0.015150673721635014, 0.015170618575578982, 0.015105178759117191, 0.01504772624701535, 0.015081832065768198, 0.015162304206110469, 0.015104848037072278, 0.015007085064340621, 0.01502213279349268, 0.015013244122676893, 0.01497896904245429, 0.014954898318429605, 0.014922505184802988, 0.014910732361770004]}
#history of model: model_norm_metrics
{"loss": [0.042231161510990836, 0.026313602867169737, 0.017398217486951844, 0.016035155369132512, 0.015171151365906325, 0.014668384170293111, 0.014299119049881367, 0.014198990790719469], "sliced_accuracy_std": [0.26561608274532483, 0.20648032985173864, 0.20253109174181699, 0.20213181922018325, 0.19511478704902399, 0.18961267142795754, 0.18607541726106788, 0.1861213819777712], "categorical_accuracy": [0.055871365937064446, 0.60695143739317892, 0.71755725194712017, 0.744680851102553, 0.75799902554783549, 0.7661198636183244, 0.77001786589215904, 0.77212928379048618], "sliced_accuracy_mean": [0.38934251647675522, 0.61894076556301314, 0.66029798033873677, 0.66762149939003446, 0.68093968774661706, 0.68477861270785279, 0.68508869548964579, 0.68600413361520407], "rmse": [0.20549734991267068, 0.1622005979194257, 0.13188520499603573, 0.126613380656975, 0.12315535786158856, 0.12109965382941613, 0.11956475393152942, 0.11914492155875558]}
#history of model: model_norm
{"loss": [0.029890817000505027, 0.029814602926783604, 0.029844166676795812, 0.02982853110367005, 0.029767686432791412, 0.029812609793943002, 0.029801253947096134, 0.029833966780693159, 0.029831302104466551, 0.02979022327707995, 0.029818145182291301, 0.029637511734158621, 0.029908920834780833, 0.029940786848374461, 0.029874943521454794, 0.029723831631858415, 0.029671935996878038, 0.027612334390709158, 0.026222743640799042, 0.025878674376311653, 0.025448867829020963, 0.025118442320632279, 0.024997360098662727, 0.024538956958492963, 0.023932904603147724, 0.023568299317031825, 0.022931856692794267, 0.022552780072213313, 0.022240516174277036, 0.021697776716783506, 0.021244631516277243, 0.020847925762517736, 0.020613310807341828, 0.02026587174436368, 0.020024363002782569, 0.019741328125563236, 0.019312328445391918, 0.019041654594037512, 0.018754631212545097, 0.018572760250316848, 0.017932141985778416, 0.017768519699846934, 0.017751396283370639, 0.017658419360261444, 0.017533150817686263, 0.017525327178316379, 0.017424557358026505, 0.017398173809735053, 0.01732218680783696, 0.017239420461135174, 0.017302852294860629, 0.017194087864882357, 0.017060376003111173, 0.016987785363757828, 0.017030863979950957, 0.016973160788280154, 0.016837291624567926, 0.016830905767824124, 0.016720393125753883, 0.016773180344030945, 0.016740166402738028, 0.016660041876410674, 0.016589517380461234, 0.016550379352421936, 0.01656650715088899, 0.016477772291031999, 0.016475297194486913, 0.016369750988114318, 0.016393169888867697, 0.016295774011026828, 0.016342305868795707, 0.016260042897673375, 0.016151449190230545, 0.016114148559100039, 0.016124267746275719, 0.016020567651940595, 0.016007861011413806, 0.015947061325978795, 0.015908668253468265, 0.015829949947330384, 0.015742248377053562, 0.015686577561935155, 0.015719556386386037, 0.015690630951195682, 0.015705131395899373, 0.015707067786416878, 0.015688013849318574, 0.015632128069570306, 0.015597949342785078, 0.01550416033202355, 0.015536358733789637, 0.015533578043820662, 0.015452289706044788, 0.015479399207466786, 0.015500245897800004, 0.01536108388505671, 0.015447110843357689, 0.015338032369698407, 0.015302433563960254, 0.015298266314106797, 0.015334064653570499, 0.015200812805341472, 0.015305957415166799, 0.015369125624793933, 0.015189783041015131, 0.015180321538462004, 0.015150673721635014, 0.015170618575578982, 0.015105178759117191, 0.01504772624701535, 0.015081832065768198, 0.015162304206110469, 0.015104848037072278, 0.015007085064340621, 0.01502213279349268, 0.015013244122676893, 0.01497896904245429, 0.014954898318429605, 0.014922505184802988, 0.014910732361770004, 0.014843042384525504, 0.014912272461715642, 0.014960093645874513, 0.014794476296103328, 0.014908239535919023, 0.014887291263071221, 0.014934577278519443, 0.014900074981221366, 0.014893575682552583, 0.014840746383874788, 0.014835121998683028, 0.014932809653905553, 0.014842132414016156, 0.014827881862810992, 0.014852804191615603, 0.014878160491107253, 0.014796103837840054, 0.014749547270118096, 0.014821370943970636, 0.014823328114089068]}
#continuing from analysis/final/try_convent_keras_modular_longRun.h5#wRandFlip 
#The training is running for 100 epochs, each with 55421 images. The validation sample contains 6157 images. 
#round  ,time, mean_train_loss , mean_valid_loss, mean_sliced_accuracy, mean_train_loss_test, mean_accuracy 
#eval losses and metrics:
#history of model: model_norm_metrics
{"loss": [], "sliced_accuracy_std": [], "categorical_accuracy": [], "sliced_accuracy_mean": [], "rmse": []}
#history of model: model_norm
{"loss": []}
#continuing from analysis/final/try_convent_keras_modular_longRun.h5#wRandFlip 
#The training is running for 100 epochs, each with 55421 images. The validation sample contains 6157 images. 
#round  ,time, mean_train_loss , mean_valid_loss, mean_sliced_accuracy, mean_train_loss_test, mean_accuracy 
#continuing from analysis/final/try_convent_keras_modular_longRun.h5#wRandFlip 
#The training is running for 100 epochs, each with 55421 images. The validation sample contains 6157 images. 
#round  ,time, mean_train_loss , mean_valid_loss, mean_sliced_accuracy, mean_train_loss_test, mean_accuracy 
#continuing from analysis/final/try_convent_keras_modular_longRun.h5#wRandFlip 
#The training is running for 100 epochs, each with 55421 images. The validation sample contains 6157 images. 
#round  ,time, mean_train_loss , mean_valid_loss, mean_sliced_accuracy, mean_train_loss_test, mean_accuracy 
#eval losses and metrics:
#history of model: model_norm_metrics
{"loss": [0.014553909071258123, 0.014040130151374321], "sliced_accuracy_std": [0.18206523674173714, 0.18430801820199327], "categorical_accuracy": [0.76953061560792968, 0.77212928380016699], "sliced_accuracy_mean": [0.68049672438143061, 0.68842561257162405], "rmse": [0.12062624443200805, 0.11847434658179021]}
#history of model: model_norm
{"loss": [0.015061479377978986, 0.014993149872630014, 0.014932835380623647, 0.014888897751791214, 0.014916929185663888, 0.014855963767531816, 0.014872624367953988, 0.014900976287867499, 0.014863090196607309, 0.014797528880998629, 0.014767432986938079, 0.014832294973279906, 0.014702702000942251, 0.014759415051464093, 0.014741786960683284, 0.014719647697147425, 0.014745932320184117, 0.014635851888686692, 0.014672076355221622, 0.014663750023811782]}
#history of model: model_norm_metrics
{"loss": [0.014553909071258123, 0.014040130151374321, 0.013850620715590447], "sliced_accuracy_std": [0.18206523674173714, 0.18430801820199327, 0.17873561944747796], "categorical_accuracy": [0.76953061560792968, 0.77212928380016699, 0.76985544914043003], "sliced_accuracy_mean": [0.68049672438143061, 0.68842561257162405, 0.68054102487294577], "rmse": [0.12062624443200805, 0.11847434658179021, 0.11767100125178513]}
#history of model: model_norm
{"loss": [0.015061479377978986, 0.014993149872630014, 0.014932835380623647, 0.014888897751791214, 0.014916929185663888, 0.014855963767531816, 0.014872624367953988, 0.014900976287867499, 0.014863090196607309, 0.014797528880998629, 0.014767432986938079, 0.014832294973279906, 0.014702702000942251, 0.014759415051464093, 0.014741786960683284, 0.014719647697147425, 0.014745932320184117, 0.014635851888686692, 0.014672076355221622, 0.014663750023811782, 0.014695477928248567, 0.014578615127285139, 0.014580658218319264, 0.014533529083731525, 0.014528909134208609, 0.014611016890597999, 0.014495201801898283, 0.014573050312561179, 0.01451313458895738, 0.014577779431887176, 0.014458785935757903, 0.014553321542543008, 0.014443090458938835, 0.014468377806382989, 0.01445859146876893, 0.014442426229425527, 0.014391155212844184, 0.014408871856167776, 0.014309717991620029, 0.014328238921701361]}
#history of model: model_norm_metrics
{"loss": [0.014553909071258123, 0.014040130151374321, 0.013850620715590447, 0.013438893823337008], "sliced_accuracy_std": [0.18206523674173714, 0.18430801820199327, 0.17873561944747796, 0.17696473955023845], "categorical_accuracy": [0.76953061560792968, 0.77212928380016699, 0.76985544914043003, 0.77618970283541133], "sliced_accuracy_mean": [0.68049672438143061, 0.68842561257162405, 0.68054102487294577, 0.68003900531865147], "rmse": [0.12062624443200805, 0.11847434658179021, 0.11767100125178513, 0.11591085157011824]}
#history of model: model_norm
{"loss": [0.015061479377978986, 0.014993149872630014, 0.014932835380623647, 0.014888897751791214, 0.014916929185663888, 0.014855963767531816, 0.014872624367953988, 0.014900976287867499, 0.014863090196607309, 0.014797528880998629, 0.014767432986938079, 0.014832294973279906, 0.014702702000942251, 0.014759415051464093, 0.014741786960683284, 0.014719647697147425, 0.014745932320184117, 0.014635851888686692, 0.014672076355221622, 0.014663750023811782, 0.014695477928248567, 0.014578615127285139, 0.014580658218319264, 0.014533529083731525, 0.014528909134208609, 0.014611016890597999, 0.014495201801898283, 0.014573050312561179, 0.01451313458895738, 0.014577779431887176, 0.014458785935757903, 0.014553321542543008, 0.014443090458938835, 0.014468377806382989, 0.01445859146876893, 0.014442426229425527, 0.014391155212844184, 0.014408871856167776, 0.014309717991620029, 0.014328238921701361, 0.014367472628182774, 0.014340201589287421, 0.014255996340663608, 0.014322285591667398, 0.014305017025577366, 0.014353425908457795, 0.014232466074236489, 0.01419560210522982, 0.014301320896783007, 0.014275149536242178, 0.014275349642432064, 0.014319694874415157, 0.014193522299580071, 0.014178166610248592, 0.014175216752796545, 0.014115907422719745, 0.014140799795405581, 0.014134918689864492, 0.014147295129545238, 0.014110856168313857]}
#history of model: model_norm_metrics
{"loss": [0.014553909071258123, 0.014040130151374321, 0.013850620715590447, 0.013438893823337008, 0.013246906170400974], "sliced_accuracy_std": [0.18206523674173714, 0.18430801820199327, 0.17873561944747796, 0.17696473955023845, 0.1773445561482222], "categorical_accuracy": [0.76953061560792968, 0.77212928380016699, 0.76985544914043003, 0.77618970283541133, 0.77732662015559906], "sliced_accuracy_mean": [0.68049672438143061, 0.68842561257162405, 0.68054102487294577, 0.68003900531865147, 0.68203230281338512], "rmse": [0.12062624443200805, 0.11847434658179021, 0.11767100125178513, 0.11591085157011824, 0.11507951456007293]}
#history of model: model_norm
{"loss": [0.015061479377978986, 0.014993149872630014, 0.014932835380623647, 0.014888897751791214, 0.014916929185663888, 0.014855963767531816, 0.014872624367953988, 0.014900976287867499, 0.014863090196607309, 0.014797528880998629, 0.014767432986938079, 0.014832294973279906, 0.014702702000942251, 0.014759415051464093, 0.014741786960683284, 0.014719647697147425, 0.014745932320184117, 0.014635851888686692, 0.014672076355221622, 0.014663750023811782, 0.014695477928248567, 0.014578615127285139, 0.014580658218319264, 0.014533529083731525, 0.014528909134208609, 0.014611016890597999, 0.014495201801898283, 0.014573050312561179, 0.01451313458895738, 0.014577779431887176, 0.014458785935757903, 0.014553321542543008, 0.014443090458938835, 0.014468377806382989, 0.01445859146876893, 0.014442426229425527, 0.014391155212844184, 0.014408871856167776, 0.014309717991620029, 0.014328238921701361, 0.014367472628182774, 0.014340201589287421, 0.014255996340663608, 0.014322285591667398, 0.014305017025577366, 0.014353425908457795, 0.014232466074236489, 0.01419560210522982, 0.014301320896783007, 0.014275149536242178, 0.014275349642432064, 0.014319694874415157, 0.014193522299580071, 0.014178166610248592, 0.014175216752796545, 0.014115907422719745, 0.014140799795405581, 0.014134918689864492, 0.014147295129545238, 0.014110856168313857, 0.014209830860069038, 0.014067052376516368, 0.014117850417937708, 0.014134321507032312, 0.014042796908852156, 0.014123469420255871, 0.014048449780552759, 0.014084829589984285, 0.014053926085455155, 0.013983063510866887, 0.014026861680551953, 0.013967303636082269, 0.014025012296069107, 0.014019516151432597, 0.013956876616890825, 0.013976362696207991, 0.013997667785221284, 0.013958391998339138, 0.013905666503679314, 0.013910232239975295]}
#continuing from analysis/final/try_convent_keras_modular_longRun.h5#wRandFlip 
#The training is running for 100 epochs, each with 55421 images. The validation sample contains 6157 images. 
#round  ,time, mean_train_loss , mean_valid_loss, mean_sliced_accuracy, mean_train_loss_test, mean_accuracy 
#eval losses and metrics:
#history of model: model_norm_metrics
{"loss": [0.014198990790719469, 0.013927850024906268], "sliced_accuracy_std": [0.1861213819777712, 0.18155765283924816], "categorical_accuracy": [0.77212928379048618, 0.77472795198272337], "sliced_accuracy_mean": [0.68600413361520407, 0.68529539373917336], "rmse": [0.11914492155875558, 0.11800113049046412]}
#history of model: model_norm
{"loss": [0.014830881311054077, 0.014759643772326478, 0.01486125239811906, 0.014741922660363376, 0.014839883953537962, 0.014668545002169018, 0.01476553454140731, 0.014761194928523597, 0.014797040816704068, 0.01474626863016448, 0.014761343666719735, 0.01468240331277388, 0.014709523537221852, 0.014703125735625214, 0.014602237816797484, 0.014651641078771802, 0.014698026744529195, 0.014543086820102613, 0.014591977051501974, 0.014681644122534936]}
#history of model: model_norm_metrics
{"loss": [0.014198990790719469, 0.013927850024906268, 0.01367969402070167], "sliced_accuracy_std": [0.1861213819777712, 0.18155765283924816, 0.1791330698671251], "categorical_accuracy": [0.77212928379048618, 0.77472795198272337, 0.77716420340387005], "sliced_accuracy_mean": [0.68600413361520407, 0.68529539373917336, 0.67803094126447483], "rmse": [0.11914492155875558, 0.11800113049046412, 0.1169452681854326]}
#history of model: model_norm
{"loss": [0.014830881311054077, 0.014759643772326478, 0.01486125239811906, 0.014741922660363376, 0.014839883953537962, 0.014668545002169018, 0.01476553454140731, 0.014761194928523597, 0.014797040816704068, 0.01474626863016448, 0.014761343666719735, 0.01468240331277388, 0.014709523537221852, 0.014703125735625214, 0.014602237816797484, 0.014651641078771802, 0.014698026744529195, 0.014543086820102613, 0.014591977051501974, 0.014681644122534936, 0.014652298464345823, 0.014607486340704315, 0.014644021065820247, 0.014534738675238343, 0.014562823903670004, 0.014537581592934942, 0.014532410770381263, 0.014502512504679894, 0.014397835401698537, 0.014496193626263273, 0.014475284844910332, 0.014465701398909639, 0.014451829460235911, 0.01437064220940848, 0.014451778305848257, 0.014385452861427714, 0.014360244095393824, 0.01443379073309789, 0.014380612333706759, 0.014317430008988861]}
#history of model: model_norm_metrics
{"loss": [0.014198990790719469, 0.013927850024906268, 0.01367969402070167, 0.013419351440218918], "sliced_accuracy_std": [0.1861213819777712, 0.18155765283924816, 0.1791330698671251, 0.17800891365016727], "categorical_accuracy": [0.77212928379048618, 0.77472795198272337, 0.77716420340387005, 0.77813870396264795], "sliced_accuracy_mean": [0.68600413361520407, 0.68529539373917336, 0.67803094126447483, 0.67841483640732736], "rmse": [0.11914492155875558, 0.11800113049046412, 0.1169452681854326, 0.11582685161647577]}
#history of model: model_norm
{"loss": [0.014830881311054077, 0.014759643772326478, 0.01486125239811906, 0.014741922660363376, 0.014839883953537962, 0.014668545002169018, 0.01476553454140731, 0.014761194928523597, 0.014797040816704068, 0.01474626863016448, 0.014761343666719735, 0.01468240331277388, 0.014709523537221852, 0.014703125735625214, 0.014602237816797484, 0.014651641078771802, 0.014698026744529195, 0.014543086820102613, 0.014591977051501974, 0.014681644122534936, 0.014652298464345823, 0.014607486340704315, 0.014644021065820247, 0.014534738675238343, 0.014562823903670004, 0.014537581592934942, 0.014532410770381263, 0.014502512504679894, 0.014397835401698537, 0.014496193626263273, 0.014475284844910332, 0.014465701398909639, 0.014451829460235911, 0.01437064220940848, 0.014451778305848257, 0.014385452861427714, 0.014360244095393824, 0.01443379073309789, 0.014380612333706759, 0.014317430008988861, 0.014359427496380762, 0.014355247131113065, 0.014252265940907352, 0.014268081267834257, 0.014298246951278197, 0.01429787520831878, 0.014291493828758734, 0.014297646239673325, 0.014232240446390362, 0.014192815844413884, 0.014207964788678043, 0.014130082203570855, 0.014169492980960858, 0.014118091186183856, 0.014142197770399784, 0.014087238306299262, 0.014120185465782607, 0.014184922090979345, 0.01403073786219599, 0.014105764815771799]}
#history of model: model_norm_metrics
{"loss": [0.014198990790719469, 0.013927850024906268, 0.01367969402070167, 0.013419351440218918, 0.013315699998799403], "sliced_accuracy_std": [0.1861213819777712, 0.18155765283924816, 0.1791330698671251, 0.17800891365016727, 0.17690175836816593], "categorical_accuracy": [0.77212928379048618, 0.77472795198272337, 0.77716420340387005, 0.77813870396264795, 0.77960045482501672], "sliced_accuracy_mean": [0.68600413361520407, 0.68529539373917336, 0.67803094126447483, 0.67841483640732736, 0.68689003874772703], "rmse": [0.11914492155875558, 0.11800113049046412, 0.1169452681854326, 0.11582685161647577, 0.11537733025678241]}
#history of model: model_norm
{"loss": [0.014830881311054077, 0.014759643772326478, 0.01486125239811906, 0.014741922660363376, 0.014839883953537962, 0.014668545002169018, 0.01476553454140731, 0.014761194928523597, 0.014797040816704068, 0.01474626863016448, 0.014761343666719735, 0.01468240331277388, 0.014709523537221852, 0.014703125735625214, 0.014602237816797484, 0.014651641078771802, 0.014698026744529195, 0.014543086820102613, 0.014591977051501974, 0.014681644122534936, 0.014652298464345823, 0.014607486340704315, 0.014644021065820247, 0.014534738675238343, 0.014562823903670004, 0.014537581592934942, 0.014532410770381263, 0.014502512504679894, 0.014397835401698537, 0.014496193626263273, 0.014475284844910332, 0.014465701398909639, 0.014451829460235911, 0.01437064220940848, 0.014451778305848257, 0.014385452861427714, 0.014360244095393824, 0.01443379073309789, 0.014380612333706759, 0.014317430008988861, 0.014359427496380762, 0.014355247131113065, 0.014252265940907352, 0.014268081267834257, 0.014298246951278197, 0.01429787520831878, 0.014291493828758734, 0.014297646239673325, 0.014232240446390362, 0.014192815844413884, 0.014207964788678043, 0.014130082203570855, 0.014169492980960858, 0.014118091186183856, 0.014142197770399784, 0.014087238306299262, 0.014120185465782607, 0.014184922090979345, 0.01403073786219599, 0.014105764815771799, 0.014088343264996459, 0.014054809406468081, 0.014011754876498235, 0.014112549184590852, 0.014097919243328068, 0.014094512268832517, 0.014008005799025024, 0.01408450838622697, 0.013990125302738006, 0.013995650087679746, 0.013977800752249879, 0.014004513732405431, 0.013974211768272821, 0.013931457175437463, 0.014006433666709367, 0.013841096610856165, 0.013934719367721759, 0.013948893678639459, 0.013892924259288595, 0.013840956109311056]}
#continuing from analysis/final/try_convent_keras_modular_longRun_next.h5#wRandFlip 
#The training is running for 100 epochs, each with 55421 images. The validation sample contains 6157 images. 
#round  ,time, mean_train_loss , mean_valid_loss, mean_sliced_accuracy, mean_train_loss_test, mean_accuracy 
#eval losses and metrics:
#history of model: model_norm_metrics
{"loss": [0.014382282144315776], "sliced_accuracy_std": [0.16815594930927225], "categorical_accuracy": [0.76547019656300452], "sliced_accuracy_mean": [0.66528860724396344], "rmse": [0.11991538911385062]}
#history of model: model_norm
{"loss": []}
#continuing from analysis/final/try_convent_keras_modular_longRun_next.h5#wRandFlip 
#The training is running for 100 epochs, each with 55421 images. The validation sample contains 6157 images. 
#round  ,time, mean_train_loss , mean_valid_loss, mean_sliced_accuracy, mean_train_loss_test, mean_accuracy 
#eval losses and metrics:
#history of model: model_norm_metrics
{"loss": [0.014382282144315776, 0.013171983495553109], "sliced_accuracy_std": [0.16815594930927225, 0.17604995012738323], "categorical_accuracy": [0.76547019656300452, 0.77976287158642643], "sliced_accuracy_mean": [0.66528860724396344, 0.68285914374110335], "rmse": [0.11991538911385062, 0.11475259848078176]}
#history of model: model_norm
{"loss": [0.014140460631647788, 0.014035856778468562, 0.014126829734636009, 0.013997261241556855, 0.014018323862019483, 0.01400507834458023, 0.013992469236596462, 0.014011437312588779, 0.013933625106417805, 0.013953581665975785, 0.013936593778294707, 0.013897436730768702, 0.013932755140057944, 0.013879881847068804, 0.013851461846620665, 0.013812172952868523, 0.013849579421547027, 0.013794699307838712, 0.013934110128961572, 0.013895843186578072]}
#history of model: model_norm_metrics
{"loss": [0.014382282144315776, 0.013171983495553109, 0.012929766455994075], "sliced_accuracy_std": [0.16815594930927225, 0.17604995012738323, 0.17545157476148765], "categorical_accuracy": [0.76547019656300452, 0.77976287158642643, 0.78073737215488515], "sliced_accuracy_mean": [0.66528860724396344, 0.68285914374110335, 0.68461619642080185], "rmse": [0.11991538911385062, 0.11475259848078176, 0.11369415550131641]}
#history of model: model_norm
{"loss": [0.014140460631647788, 0.014035856778468562, 0.014126829734636009, 0.013997261241556855, 0.014018323862019483, 0.01400507834458023, 0.013992469236596462, 0.014011437312588779, 0.013933625106417805, 0.013953581665975785, 0.013936593778294707, 0.013897436730768702, 0.013932755140057944, 0.013879881847068804, 0.013851461846620665, 0.013812172952868523, 0.013849579421547027, 0.013794699307838712, 0.013934110128961572, 0.013895843186578072, 0.013804376014260523, 0.013790449358249477, 0.013731259656130174, 0.013811004442085913, 0.013766770148564368, 0.013745360127692922, 0.013710746011876185, 0.013752060985073037, 0.013667649615111702, 0.013689966778347799, 0.013740287854447277, 0.013674706143728637, 0.013703636756730735, 0.01369550246574463, 0.01368817318777699, 0.013610124220610212, 0.013662727122459936, 0.013661506261095541, 0.013608809945028309, 0.013643327211841531]}
#history of model: model_norm_metrics
{"loss": [0.014382282144315776, 0.013171983495553109, 0.012929766455994075, 0.012746640601005863], "sliced_accuracy_std": [0.16815594930927225, 0.17604995012738323, 0.17545157476148765, 0.17637101758682283], "categorical_accuracy": [0.76547019656300452, 0.77976287158642643, 0.78073737215488515, 0.78496020795153931], "sliced_accuracy_mean": [0.66528860724396344, 0.68285914374110335, 0.68461619642080185, 0.69508470121250154], "rmse": [0.11991538911385062, 0.11475259848078176, 0.11369415550131641, 0.11288612645826732]}
#history of model: model_norm
{"loss": [0.014140460631647788, 0.014035856778468562, 0.014126829734636009, 0.013997261241556855, 0.014018323862019483, 0.01400507834458023, 0.013992469236596462, 0.014011437312588779, 0.013933625106417805, 0.013953581665975785, 0.013936593778294707, 0.013897436730768702, 0.013932755140057944, 0.013879881847068804, 0.013851461846620665, 0.013812172952868523, 0.013849579421547027, 0.013794699307838712, 0.013934110128961572, 0.013895843186578072, 0.013804376014260523, 0.013790449358249477, 0.013731259656130174, 0.013811004442085913, 0.013766770148564368, 0.013745360127692922, 0.013710746011876185, 0.013752060985073037, 0.013667649615111702, 0.013689966778347799, 0.013740287854447277, 0.013674706143728637, 0.013703636756730735, 0.01369550246574463, 0.01368817318777699, 0.013610124220610212, 0.013662727122459936, 0.013661506261095541, 0.013608809945028309, 0.013643327211841531, 0.013612614782236585, 0.01355962963655181, 0.013577781301504428, 0.013570005159585848, 0.013620545386994651, 0.013495192811781661, 0.013549729985176423, 0.013577887882401636, 0.013511286288021354, 0.013542489191397614, 0.013468447773623358, 0.013512469828128815, 0.013475261876410847, 0.013435514020058541, 0.013500033518931734, 0.013410709584729934, 0.013432391252744636, 0.013453952557996873, 0.013465228857933928, 0.013411754673910797]}
#history of model: model_norm_metrics
{"loss": [0.014382282144315776, 0.013171983495553109, 0.012929766455994075, 0.012746640601005863, 0.012743316911159736], "sliced_accuracy_std": [0.16815594930927225, 0.17604995012738323, 0.17545157476148765, 0.17637101758682283, 0.17724022640749407], "categorical_accuracy": [0.76547019656300452, 0.77976287158642643, 0.78073737215488515, 0.78496020795153931, 0.77813870395296714], "sliced_accuracy_mean": [0.66528860724396344, 0.68285914374110335, 0.68461619642080185, 0.69508470121250154, 0.70212768404751369], "rmse": [0.11991538911385062, 0.11475259848078176, 0.11369415550131641, 0.11288612645826732, 0.11287139059420005]}
#history of model: model_norm
{"loss": [0.014140460631647788, 0.014035856778468562, 0.014126829734636009, 0.013997261241556855, 0.014018323862019483, 0.01400507834458023, 0.013992469236596462, 0.014011437312588779, 0.013933625106417805, 0.013953581665975785, 0.013936593778294707, 0.013897436730768702, 0.013932755140057944, 0.013879881847068804, 0.013851461846620665, 0.013812172952868523, 0.013849579421547027, 0.013794699307838712, 0.013934110128961572, 0.013895843186578072, 0.013804376014260523, 0.013790449358249477, 0.013731259656130174, 0.013811004442085913, 0.013766770148564368, 0.013745360127692922, 0.013710746011876185, 0.013752060985073037, 0.013667649615111702, 0.013689966778347799, 0.013740287854447277, 0.013674706143728637, 0.013703636756730735, 0.01369550246574463, 0.01368817318777699, 0.013610124220610212, 0.013662727122459936, 0.013661506261095541, 0.013608809945028309, 0.013643327211841531, 0.013612614782236585, 0.01355962963655181, 0.013577781301504428, 0.013570005159585848, 0.013620545386994651, 0.013495192811781661, 0.013549729985176423, 0.013577887882401636, 0.013511286288021354, 0.013542489191397614, 0.013468447773623358, 0.013512469828128815, 0.013475261876410847, 0.013435514020058541, 0.013500033518931734, 0.013410709584729934, 0.013432391252744636, 0.013453952557996873, 0.013465228857933928, 0.013411754673910797, 0.013542798219607511, 0.013413416247370594, 0.013461793089336758, 0.013409455785305675, 0.01342884466530533, 0.013360770231266634, 0.0133231875033827, 0.013339539178125902, 0.013303031059785173, 0.013344747586808073, 0.013369931002070597, 0.01334275353118914, 0.013309758506852006, 0.013306690721746978, 0.01325204369500963, 0.013298676861877289, 0.013341959582966401, 0.013230018027195143, 0.01333482184131211, 0.013247707055522761]}
#continuing from analysis/final/try_convent_keras_modular_longRun_next.h5#wRandFlip 
#The training is running for 100 epochs, each with 55421 images. The validation sample contains 6157 images. 
#round  ,time, mean_train_loss , mean_valid_loss, mean_sliced_accuracy, mean_train_loss_test, mean_accuracy 
#eval losses and metrics:
#history of model: model_norm_metrics
{"loss": [0.014382282144315776, 0.013086408118337552], "sliced_accuracy_std": [0.16815594930927225, 0.17487922057192376], "categorical_accuracy": [0.76547019656300452, 0.78089978890661416], "sliced_accuracy_mean": [0.66528860724396344, 0.68593030237659769], "rmse": [0.11991538911385062, 0.11437981896282733]}
#history of model: model_norm
{"loss": [0.014167428930896685, 0.014136556843552021, 0.014030130853483437, 0.01403069643970203, 0.01401033809562342, 0.013968308815100325, 0.014027381435446783, 0.013988443607584052, 0.013999108148208999, 0.013930985003436378, 0.013827429554604609, 0.013922796225807535, 0.013977216966791984, 0.013865649871049671, 0.013916296303408956, 0.013838300618146537, 0.013816018050553602, 0.013850107566889274, 0.013813465739677259, 0.013817392981722267]}
#history of model: model_norm_metrics
{"loss": [0.014382282144315776, 0.013086408118337552, 0.012990104909747262], "sliced_accuracy_std": [0.16815594930927225, 0.17487922057192376, 0.17566151403414657], "categorical_accuracy": [0.76547019656300452, 0.78089978890661416, 0.7812246224391145], "sliced_accuracy_mean": [0.66528860724396344, 0.68593030237659769, 0.68920816752901704], "rmse": [0.11991538911385062, 0.11437981896282733, 0.1139568950069092]}
#history of model: model_norm
{"loss": [0.014167428930896685, 0.014136556843552021, 0.014030130853483437, 0.01403069643970203, 0.01401033809562342, 0.013968308815100325, 0.014027381435446783, 0.013988443607584052, 0.013999108148208999, 0.013930985003436378, 0.013827429554604609, 0.013922796225807535, 0.013977216966791984, 0.013865649871049671, 0.013916296303408956, 0.013838300618146537, 0.013816018050553602, 0.013850107566889274, 0.013813465739677259, 0.013817392981722267, 0.013845527766767991, 0.013863329527848358, 0.013787998578622254, 0.013762629787446162, 0.013734636862480313, 0.013732336367557356, 0.013818391803822933, 0.013771419251047143, 0.013706666237990791, 0.013715080882704586, 0.013736835629636542, 0.013746292091085823, 0.013685862115080204, 0.01365586363394326, 0.013689633535750962, 0.013697871101011923, 0.013631096878729829, 0.013644080728702589, 0.013628780260818815, 0.013576459831669243]}
#history of model: model_norm_metrics
{"loss": [0.014382282144315776, 0.013086408118337552, 0.012990104909747262, 0.012716088496331312], "sliced_accuracy_std": [0.16815594930927225, 0.17487922057192376, 0.17566151403414657, 0.17463952429267093], "categorical_accuracy": [0.76547019656300452, 0.78089978890661416, 0.7812246224391145, 0.78122462242943369], "sliced_accuracy_mean": [0.66528860724396344, 0.68593030237659769, 0.68920816752901704, 0.68860278869964708], "rmse": [0.11991538911385062, 0.11437981896282733, 0.1139568950069092, 0.11275036408662292]}
#history of model: model_norm
{"loss": [0.014167428930896685, 0.014136556843552021, 0.014030130853483437, 0.01403069643970203, 0.01401033809562342, 0.013968308815100325, 0.014027381435446783, 0.013988443607584052, 0.013999108148208999, 0.013930985003436378, 0.013827429554604609, 0.013922796225807535, 0.013977216966791984, 0.013865649871049671, 0.013916296303408956, 0.013838300618146537, 0.013816018050553602, 0.013850107566889274, 0.013813465739677259, 0.013817392981722267, 0.013845527766767991, 0.013863329527848358, 0.013787998578622254, 0.013762629787446162, 0.013734636862480313, 0.013732336367557356, 0.013818391803822933, 0.013771419251047143, 0.013706666237990791, 0.013715080882704586, 0.013736835629636542, 0.013746292091085823, 0.013685862115080204, 0.01365586363394326, 0.013689633535750962, 0.013697871101011923, 0.013631096878729829, 0.013644080728702589, 0.013628780260818815, 0.013576459831669243, 0.013607844060987508, 0.013504591787558629, 0.013545064520466766, 0.013643516560828467, 0.013616474994688953, 0.013596972134476954, 0.013573203645988342, 0.013538568818924623, 0.013513400492796658, 0.013466580343697595, 0.013480492500126909, 0.013500521924996048, 0.013563677677115716, 0.013560773864593527, 0.013430317069207309, 0.013496647580364429, 0.01340693377231786, 0.013443148532591829, 0.013448669617876, 0.013513333779341037]}
#history of model: model_norm_metrics
{"loss": [0.014382282144315776, 0.013086408118337552, 0.012990104909747262, 0.012716088496331312, 0.012587824722321483], "sliced_accuracy_std": [0.16815594930927225, 0.17487922057192376, 0.17566151403414657, 0.17463952429267093, 0.1759145779062328], "categorical_accuracy": [0.76547019656300452, 0.78089978890661416, 0.7812246224391145, 0.78122462242943369, 0.78349845707948973], "sliced_accuracy_mean": [0.66528860724396344, 0.68593030237659769, 0.68920816752901704, 0.68860278869964708, 0.69799342433488931], "rmse": [0.11991538911385062, 0.11437981896282733, 0.1139568950069092, 0.11275036408662292, 0.1121793343360807]}
#history of model: model_norm
{"loss": [0.014167428930896685, 0.014136556843552021, 0.014030130853483437, 0.01403069643970203, 0.01401033809562342, 0.013968308815100325, 0.014027381435446783, 0.013988443607584052, 0.013999108148208999, 0.013930985003436378, 0.013827429554604609, 0.013922796225807535, 0.013977216966791984, 0.013865649871049671, 0.013916296303408956, 0.013838300618146537, 0.013816018050553602, 0.013850107566889274, 0.013813465739677259, 0.013817392981722267, 0.013845527766767991, 0.013863329527848358, 0.013787998578622254, 0.013762629787446162, 0.013734636862480313, 0.013732336367557356, 0.013818391803822933, 0.013771419251047143, 0.013706666237990791, 0.013715080882704586, 0.013736835629636542, 0.013746292091085823, 0.013685862115080204, 0.01365586363394326, 0.013689633535750962, 0.013697871101011923, 0.013631096878729829, 0.013644080728702589, 0.013628780260818815, 0.013576459831669243, 0.013607844060987508, 0.013504591787558629, 0.013545064520466766, 0.013643516560828467, 0.013616474994688953, 0.013596972134476954, 0.013573203645988342, 0.013538568818924623, 0.013513400492796658, 0.013466580343697595, 0.013480492500126909, 0.013500521924996048, 0.013563677677115716, 0.013560773864593527, 0.013430317069207309, 0.013496647580364429, 0.01340693377231786, 0.013443148532591829, 0.013448669617876, 0.013513333779341037, 0.013494759943302072, 0.013414896768304187, 0.013468702477531149, 0.013457237008036277, 0.013361222666064534, 0.013394554051647493, 0.01338056810712869, 0.013427569317298198, 0.013375716523156254, 0.013394436431587289, 0.013363714406796552, 0.013317345778261302, 0.013334412606210884, 0.01329003273586341, 0.013318321069514532, 0.013274234053123436, 0.013312847866172638, 0.013236214082107085, 0.01325370166279854, 0.013185958967569772]}
#continuing from analysis/final/try_convent_keras_modular_longRun_next.h5#wRandFlip 
#The training is running for 100 epochs, each with 55421 images. The validation sample contains 6157 images. 
#round  ,time, mean_train_loss , mean_valid_loss, mean_sliced_accuracy, mean_train_loss_test, mean_accuracy 
#continuing from analysis/final/try_convent_keras_modular_longRun_next.h5#wRandFlip 
#The training is running for 100 epochs, each with 55421 images. The validation sample contains 6157 images. 
#round  ,time, mean_train_loss , mean_valid_loss, mean_sliced_accuracy, mean_train_loss_test, mean_accuracy 
#eval losses and metrics:
#history of model: model_norm_metrics
{"loss": [0.014382282144315776, 0.013117802530086639], "sliced_accuracy_std": [0.16815594930927225, 0.17520184427214189], "categorical_accuracy": [0.76547019656300452, 0.78154945596193404], "sliced_accuracy_mean": [0.66528860724396344, 0.68525109337350854], "rmse": [0.11991538911385062, 0.11451755344277179]}
#history of model: model_norm
{"loss": [0.014228018709894168, 0.013991276562692376, 0.014061992355716337, 0.014021120111056424, 0.014069473345276959, 0.014024829192924391, 0.013985463452243477, 0.013925047001775798, 0.013893537283148787, 0.013939136399998577, 0.013956703749750185, 0.013872575049006611, 0.013877649765905983, 0.013858466776549269, 0.013879217908059785, 0.013894907608970043, 0.01372639159031144, 0.013820752979965385, 0.013859249659976281, 0.013767679025410512]}
#history of model: model_norm_metrics
{"loss": [0.014382282144315776, 0.013117802530086639, 0.01293226407224605], "sliced_accuracy_std": [0.16815594930927225, 0.17520184427214189, 0.17604510398272746], "categorical_accuracy": [0.76547019656300452, 0.78154945596193404, 0.78154945595225322], "sliced_accuracy_mean": [0.66528860724396344, 0.68525109337350854, 0.68443901995395096], "rmse": [0.11991538911385062, 0.11451755344277179, 0.11370736941155508]}
#history of model: model_norm
{"loss": [0.014228018709894168, 0.013991276562692376, 0.014061992355716337, 0.014021120111056424, 0.014069473345276959, 0.014024829192924391, 0.013985463452243477, 0.013925047001775798, 0.013893537283148787, 0.013939136399998577, 0.013956703749750185, 0.013872575049006611, 0.013877649765905983, 0.013858466776549269, 0.013879217908059785, 0.013894907608970043, 0.01372639159031144, 0.013820752979965385, 0.013859249659976281, 0.013767679025410512, 0.013809159013587948, 0.013885163317579743, 0.013792908955536304, 0.013757863235788061, 0.013734675866953277, 0.013717511438106724, 0.013824686484941102, 0.013743766386984685, 0.013748928742192754, 0.013747504989214994, 0.013644977071143071, 0.013674276000862821, 0.013702099296956434, 0.013777897471066463, 0.013680979395883346, 0.013641056895187688, 0.013604202051433402, 0.013545307698189665, 0.013648328465332678, 0.013670919394684494]}
#history of model: model_norm_metrics
{"loss": [0.014382282144315776, 0.013117802530086639, 0.01293226407224605, 0.01285747514118888], "sliced_accuracy_std": [0.16815594930927225, 0.17520184427214189, 0.17604510398272746, 0.17407511547147328], "categorical_accuracy": [0.76547019656300452, 0.78154945596193404, 0.78154945595225322, 0.78593470851031721], "sliced_accuracy_mean": [0.66528860724396344, 0.68525109337350854, 0.68443901995395096, 0.68876519920726442], "rmse": [0.11991538911385062, 0.11451755344277179, 0.11370736941155508, 0.11337716680698355]}
#history of model: model_norm
{"loss": [0.014228018709894168, 0.013991276562692376, 0.014061992355716337, 0.014021120111056424, 0.014069473345276959, 0.014024829192924391, 0.013985463452243477, 0.013925047001775798, 0.013893537283148787, 0.013939136399998577, 0.013956703749750185, 0.013872575049006611, 0.013877649765905983, 0.013858466776549269, 0.013879217908059785, 0.013894907608970043, 0.01372639159031144, 0.013820752979965385, 0.013859249659976281, 0.013767679025410512, 0.013809159013587948, 0.013885163317579743, 0.013792908955536304, 0.013757863235788061, 0.013734675866953277, 0.013717511438106724, 0.013824686484941102, 0.013743766386984685, 0.013748928742192754, 0.013747504989214994, 0.013644977071143071, 0.013674276000862821, 0.013702099296956434, 0.013777897471066463, 0.013680979395883346, 0.013641056895187688, 0.013604202051433402, 0.013545307698189665, 0.013648328465332678, 0.013670919394684494, 0.013642910867929459, 0.013630267352275892, 0.01360122118692059, 0.013564820503901452, 0.013572329954338182, 0.013590820586530987, 0.01358891030722255, 0.013571209180245706, 0.013536656360834017, 0.013591970573393029, 0.013526109594065663, 0.013513450929467831, 0.013515502282785714, 0.01340109242314319, 0.013511833239244212, 0.01351718535356292, 0.013409461740643606, 0.01350786459179373, 0.013495350478712571, 0.01350072802070084]}
#history of model: model_norm_metrics
{"loss": [0.014382282144315776, 0.013117802530086639, 0.01293226407224605, 0.01285747514118888, 0.012567919426529134], "sliced_accuracy_std": [0.16815594930927225, 0.17520184427214189, 0.17604510398272746, 0.17407511547147328, 0.17499112258082147], "categorical_accuracy": [0.76547019656300452, 0.78154945596193404, 0.78154945595225322, 0.78593470851031721, 0.78772129288582482], "sliced_accuracy_mean": [0.66528860724396344, 0.68525109337350854, 0.68443901995395096, 0.68876519920726442, 0.69052226274881301], "rmse": [0.11991538911385062, 0.11451755344277179, 0.11370736941155508, 0.11337716680698355, 0.11209231177978708]}
#history of model: model_norm
{"loss": [0.014228018709894168, 0.013991276562692376, 0.014061992355716337, 0.014021120111056424, 0.014069473345276959, 0.014024829192924391, 0.013985463452243477, 0.013925047001775798, 0.013893537283148787, 0.013939136399998577, 0.013956703749750185, 0.013872575049006611, 0.013877649765905983, 0.013858466776549269, 0.013879217908059785, 0.013894907608970043, 0.01372639159031144, 0.013820752979965385, 0.013859249659976281, 0.013767679025410512, 0.013809159013587948, 0.013885163317579743, 0.013792908955536304, 0.013757863235788061, 0.013734675866953277, 0.013717511438106724, 0.013824686484941102, 0.013743766386984685, 0.013748928742192754, 0.013747504989214994, 0.013644977071143071, 0.013674276000862821, 0.013702099296956434, 0.013777897471066463, 0.013680979395883346, 0.013641056895187688, 0.013604202051433402, 0.013545307698189665, 0.013648328465332678, 0.013670919394684494, 0.013642910867929459, 0.013630267352275892, 0.01360122118692059, 0.013564820503901452, 0.013572329954338182, 0.013590820586530987, 0.01358891030722255, 0.013571209180245706, 0.013536656360834017, 0.013591970573393029, 0.013526109594065663, 0.013513450929467831, 0.013515502282785714, 0.01340109242314319, 0.013511833239244212, 0.01351718535356292, 0.013409461740643606, 0.01350786459179373, 0.013495350478712571, 0.01350072802070084, 0.013460232337953848, 0.013413817442338402, 0.013395459374088214, 0.013388906101431322, 0.013352183437128679, 0.013372401365104619, 0.013370562054285216, 0.013388556624771258, 0.013303445737569704, 0.013287148882694748, 0.01330308705021482, 0.013263592197465788, 0.013296960511270467, 0.0132726177641558, 0.013342153588566212, 0.013307079305410932, 0.013359480323868061, 0.013257704786272771, 0.013281514945038415, 0.013281582102794712]}
#history of model: model_norm_metrics
{"loss": [0.014382282144315776, 0.013117802530086639, 0.01293226407224605, 0.01285747514118888, 0.012567919426529134, 0.01245211418467004], "sliced_accuracy_std": [0.16815594930927225, 0.17520184427214189, 0.17604510398272746, 0.17407511547147328, 0.17499112258082147, 0.17548733138894809], "categorical_accuracy": [0.76547019656300452, 0.78154945596193404, 0.78154945595225322, 0.78593470851031721, 0.78772129288582482, 0.78496020794185861], "sliced_accuracy_mean": [0.66528860724396344, 0.68525109337350854, 0.68443901995395096, 0.68876519920726442, 0.69052226274881301, 0.69477462929255862], "rmse": [0.11991538911385062, 0.11451755344277179, 0.11370736941155508, 0.11337716680698355, 0.11209231177978708, 0.11157485697250853]}
#history of model: model_norm
{"loss": [0.014228018709894168, 0.013991276562692376, 0.014061992355716337, 0.014021120111056424, 0.014069473345276959, 0.014024829192924391, 0.013985463452243477, 0.013925047001775798, 0.013893537283148787, 0.013939136399998577, 0.013956703749750185, 0.013872575049006611, 0.013877649765905983, 0.013858466776549269, 0.013879217908059785, 0.013894907608970043, 0.01372639159031144, 0.013820752979965385, 0.013859249659976281, 0.013767679025410512, 0.013809159013587948, 0.013885163317579743, 0.013792908955536304, 0.013757863235788061, 0.013734675866953277, 0.013717511438106724, 0.013824686484941102, 0.013743766386984685, 0.013748928742192754, 0.013747504989214994, 0.013644977071143071, 0.013674276000862821, 0.013702099296956434, 0.013777897471066463, 0.013680979395883346, 0.013641056895187688, 0.013604202051433402, 0.013545307698189665, 0.013648328465332678, 0.013670919394684494, 0.013642910867929459, 0.013630267352275892, 0.01360122118692059, 0.013564820503901452, 0.013572329954338182, 0.013590820586530987, 0.01358891030722255, 0.013571209180245706, 0.013536656360834017, 0.013591970573393029, 0.013526109594065663, 0.013513450929467831, 0.013515502282785714, 0.01340109242314319, 0.013511833239244212, 0.01351718535356292, 0.013409461740643606, 0.01350786459179373, 0.013495350478712571, 0.01350072802070084, 0.013460232337953848, 0.013413817442338402, 0.013395459374088214, 0.013388906101431322, 0.013352183437128679, 0.013372401365104619, 0.013370562054285216, 0.013388556624771258, 0.013303445737569704, 0.013287148882694748, 0.01330308705021482, 0.013263592197465788, 0.013296960511270467, 0.0132726177641558, 0.013342153588566212, 0.013307079305410932, 0.013359480323868061, 0.013257704786272771, 0.013281514945038415, 0.013281582102794712, 0.013188215186221337, 0.0131018792851529, 0.013054689238651083, 0.013145780199369706, 0.013143787109250323, 0.013068684197347099, 0.013139946258054414, 0.013085851685032932, 0.01311238657751488, 0.01308330607284373, 0.013123939625508741, 0.013076152225289869, 0.013164346926597827, 0.01316900768342915, 0.013137704513351852, 0.013097782824359356, 0.013110413745797555, 0.013120580250995422, 0.013063343839907865, 0.013079629228407637]}
#history of model: model_norm_metrics
{"loss": [0.014382282144315776, 0.013117802530086639, 0.01293226407224605, 0.01285747514118888, 0.012567919426529134, 0.01245211418467004], "sliced_accuracy_std": [0.16815594930927225, 0.17520184427214189, 0.17604510398272746, 0.17407511547147328, 0.17499112258082147, 0.17548733138894809], "categorical_accuracy": [0.76547019656300452, 0.78154945596193404, 0.78154945595225322, 0.78593470851031721, 0.78772129288582482, 0.78496020794185861], "sliced_accuracy_mean": [0.66528860724396344, 0.68525109337350854, 0.68443901995395096, 0.68876519920726442, 0.69052226274881301, 0.69477462929255862], "rmse": [0.11991538911385062, 0.11451755344277179, 0.11370736941155508, 0.11337716680698355, 0.11209231177978708, 0.11157485697250853]}
#history of model: model_norm
{"loss": [0.014228018709894168, 0.013991276562692376, 0.014061992355716337, 0.014021120111056424, 0.014069473345276959, 0.014024829192924391, 0.013985463452243477, 0.013925047001775798, 0.013893537283148787, 0.013939136399998577, 0.013956703749750185, 0.013872575049006611, 0.013877649765905983, 0.013858466776549269, 0.013879217908059785, 0.013894907608970043, 0.01372639159031144, 0.013820752979965385, 0.013859249659976281, 0.013767679025410512, 0.013809159013587948, 0.013885163317579743, 0.013792908955536304, 0.013757863235788061, 0.013734675866953277, 0.013717511438106724, 0.013824686484941102, 0.013743766386984685, 0.013748928742192754, 0.013747504989214994, 0.013644977071143071, 0.013674276000862821, 0.013702099296956434, 0.013777897471066463, 0.013680979395883346, 0.013641056895187688, 0.013604202051433402, 0.013545307698189665, 0.013648328465332678, 0.013670919394684494, 0.013642910867929459, 0.013630267352275892, 0.01360122118692059, 0.013564820503901452, 0.013572329954338182, 0.013590820586530987, 0.01358891030722255, 0.013571209180245706, 0.013536656360834017, 0.013591970573393029, 0.013526109594065663, 0.013513450929467831, 0.013515502282785714, 0.01340109242314319, 0.013511833239244212, 0.01351718535356292, 0.013409461740643606, 0.01350786459179373, 0.013495350478712571, 0.01350072802070084, 0.013460232337953848, 0.013413817442338402, 0.013395459374088214, 0.013388906101431322, 0.013352183437128679, 0.013372401365104619, 0.013370562054285216, 0.013388556624771258, 0.013303445737569704, 0.013287148882694748, 0.01330308705021482, 0.013263592197465788, 0.013296960511270467, 0.0132726177641558, 0.013342153588566212, 0.013307079305410932, 0.013359480323868061, 0.013257704786272771, 0.013281514945038415, 0.013281582102794712, 0.013188215186221337, 0.0131018792851529, 0.013054689238651083, 0.013145780199369706, 0.013143787109250323, 0.013068684197347099, 0.013139946258054414, 0.013085851685032932, 0.01311238657751488, 0.01308330607284373, 0.013123939625508741, 0.013076152225289869, 0.013164346926597827, 0.01316900768342915, 0.013137704513351852, 0.013097782824359356, 0.013110413745797555, 0.013120580250995422, 0.013063343839907865, 0.013079629228407637]}
#continuing from analysis/final/try_convent_keras_modular_longRun_next.h5#wRandFlip 
#The training is running for 150 epochs, each with 55421 images. The validation sample contains 6157 images. 
#round  ,time, mean_train_loss , mean_valid_loss, mean_sliced_accuracy, mean_train_loss_test, mean_accuracy 
#eval losses and metrics:
#history of model: model_norm_metrics
{"loss": [0.014382282144315776, 0.013184373112858571], "sliced_accuracy_std": [0.16815594930927225, 0.17537911367944953], "categorical_accuracy": [0.76547019656300452, 0.78349845709885135], "sliced_accuracy_mean": [0.66528860724396344, 0.68212089294424605], "rmse": [0.11991538911385062, 0.11480544892315046]}
#history of model: model_norm
{"loss": [0.014165783113022462, 0.014152554009075559, 0.014068742769710514, 0.014075899693192145, 0.014050544794956479, 0.01400206333726918, 0.013981652813493659, 0.014031668424332908, 0.013991048781696809, 0.013952006850767574, 0.013951276693869075, 0.013891689778399576, 0.013903129786047914, 0.013887886838013426, 0.013897902998697319, 0.013865889135508909, 0.013842463476258681, 0.013899804631231027, 0.013816682852531246, 0.013894038351782418]}
#history of model: model_norm_metrics
{"loss": [0.014382282144315776, 0.013184373112858571, 0.012937711607450031], "sliced_accuracy_std": [0.16815594930927225, 0.17537911367944953, 0.17516146431800625], "categorical_accuracy": [0.76547019656300452, 0.78349845709885135, 0.78366087386026118], "sliced_accuracy_mean": [0.66528860724396344, 0.68212089294424605, 0.68665379747586219], "rmse": [0.11991538911385062, 0.11480544892315046, 0.11372689505143853]}
#history of model: model_norm
{"loss": [0.014165783113022462, 0.014152554009075559, 0.014068742769710514, 0.014075899693192145, 0.014050544794956479, 0.01400206333726918, 0.013981652813493659, 0.014031668424332908, 0.013991048781696809, 0.013952006850767574, 0.013951276693869075, 0.013891689778399576, 0.013903129786047914, 0.013887886838013426, 0.013897902998697319, 0.013865889135508909, 0.013842463476258681, 0.013899804631231027, 0.013816682852531246, 0.013894038351782418, 0.013745529021760192, 0.013866398252820203, 0.013780448115815263, 0.013732299934901776, 0.013744889057899288, 0.013702840732256754, 0.013775186929339116, 0.013745062309530896, 0.013754439104450952, 0.013805607171438703, 0.013704082646637882, 0.013693378042053738, 0.013726490122530985, 0.013701855153733985, 0.013664851836655119, 0.013785654584954092, 0.013639377677864438, 0.013652568486510613, 0.013721673108568979, 0.01363950430355761]}
#history of model: model_norm_metrics
{"loss": [0.014382282144315776, 0.013184373112858571, 0.012937711607450031, 0.012833793744546495], "sliced_accuracy_std": [0.16815594930927225, 0.17537911367944953, 0.17516146431800625, 0.17428031233401775], "categorical_accuracy": [0.76547019656300452, 0.78349845709885135, 0.78366087386026118, 0.78366087385058036], "sliced_accuracy_mean": [0.66528860724396344, 0.68212089294424605, 0.68665379747586219, 0.68677191705658813], "rmse": [0.11991538911385062, 0.11480544892315046, 0.11372689505143853, 0.11327056483399932]}
#history of model: model_norm
{"loss": [0.014165783113022462, 0.014152554009075559, 0.014068742769710514, 0.014075899693192145, 0.014050544794956479, 0.01400206333726918, 0.013981652813493659, 0.014031668424332908, 0.013991048781696809, 0.013952006850767574, 0.013951276693869075, 0.013891689778399576, 0.013903129786047914, 0.013887886838013426, 0.013897902998697319, 0.013865889135508909, 0.013842463476258681, 0.013899804631231027, 0.013816682852531246, 0.013894038351782418, 0.013745529021760192, 0.013866398252820203, 0.013780448115815263, 0.013732299934901776, 0.013744889057899288, 0.013702840732256754, 0.013775186929339116, 0.013745062309530896, 0.013754439104450952, 0.013805607171438703, 0.013704082646637882, 0.013693378042053738, 0.013726490122530985, 0.013701855153733985, 0.013664851836655119, 0.013785654584954092, 0.013639377677864438, 0.013652568486510613, 0.013721673108568979, 0.01363950430355761, 0.013550429041027476, 0.013509924198851126, 0.013449832856860182, 0.013479491328359197, 0.013498001817374601, 0.013473037715762033, 0.013513902996863248, 0.01350186185039785, 0.013512222779863471, 0.013362593051695496, 0.013464250601828098, 0.013480729722511877, 0.013559991391290218, 0.01345524240558574, 0.013562538481633598, 0.013427642379126964, 0.013525764081934724, 0.013458708728398753, 0.013461287552063618, 0.013385600991410399]}
#history of model: model_norm_metrics
{"loss": [0.014382282144315776, 0.013184373112858571, 0.012937711607450031, 0.012833793744546495, 0.012818956053054175], "sliced_accuracy_std": [0.16815594930927225, 0.17537911367944953, 0.17516146431800625, 0.17428031233401775, 0.17438682689427826], "categorical_accuracy": [0.76547019656300452, 0.78349845709885135, 0.78366087386026118, 0.78366087385058036, 0.78382329061199008], "sliced_accuracy_mean": [0.66528860724396344, 0.68212089294424605, 0.68665379747586219, 0.68677191705658813, 0.68954775674942936], "rmse": [0.11991538911385062, 0.11480544892315046, 0.11372689505143853, 0.11327056483399932, 0.11320574341539402]}
#history of model: model_norm
{"loss": [0.014165783113022462, 0.014152554009075559, 0.014068742769710514, 0.014075899693192145, 0.014050544794956479, 0.01400206333726918, 0.013981652813493659, 0.014031668424332908, 0.013991048781696809, 0.013952006850767574, 0.013951276693869075, 0.013891689778399576, 0.013903129786047914, 0.013887886838013426, 0.013897902998697319, 0.013865889135508909, 0.013842463476258681, 0.013899804631231027, 0.013816682852531246, 0.013894038351782418, 0.013745529021760192, 0.013866398252820203, 0.013780448115815263, 0.013732299934901776, 0.013744889057899288, 0.013702840732256754, 0.013775186929339116, 0.013745062309530896, 0.013754439104450952, 0.013805607171438703, 0.013704082646637882, 0.013693378042053738, 0.013726490122530985, 0.013701855153733985, 0.013664851836655119, 0.013785654584954092, 0.013639377677864438, 0.013652568486510613, 0.013721673108568979, 0.01363950430355761, 0.013550429041027476, 0.013509924198851126, 0.013449832856860182, 0.013479491328359197, 0.013498001817374601, 0.013473037715762033, 0.013513902996863248, 0.01350186185039785, 0.013512222779863471, 0.013362593051695496, 0.013464250601828098, 0.013480729722511877, 0.013559991391290218, 0.01345524240558574, 0.013562538481633598, 0.013427642379126964, 0.013525764081934724, 0.013458708728398753, 0.013461287552063618, 0.013385600991410399, 0.013400679642180785, 0.013422957783855429, 0.013445647869156589, 0.013455893126649594, 0.013412237321154787, 0.01345189799204332, 0.013482599621724099, 0.013526234980843483, 0.013471217620946946, 0.013396747820421096, 0.013445482196269232, 0.013436176651798257, 0.013364918239483046, 0.013427247447089865, 0.013403128661693783, 0.013409901162558193, 0.013422420231300757, 0.013350573342737801, 0.013388638897294846, 0.013432980010952425]}
#history of model: model_norm_metrics
{"loss": [0.014382282144315776, 0.013184373112858571, 0.012937711607450031, 0.012833793744546495, 0.012818956053054175, 0.01277518835670814], "sliced_accuracy_std": [0.16815594930927225, 0.17537911367944953, 0.17516146431800625, 0.17428031233401775, 0.17438682689427826, 0.17458228854287342], "categorical_accuracy": [0.76547019656300452, 0.78349845709885135, 0.78366087386026118, 0.78366087385058036, 0.78382329061199008, 0.78544745822608786], "sliced_accuracy_mean": [0.66528860724396344, 0.68212089294424605, 0.68665379747586219, 0.68677191705658813, 0.68954775674942936, 0.69196925742954951], "rmse": [0.11991538911385062, 0.11480544892315046, 0.11372689505143853, 0.11327056483399932, 0.11320574341539402, 0.11301256189132175]}
#history of model: model_norm
{"loss": [0.014165783113022462, 0.014152554009075559, 0.014068742769710514, 0.014075899693192145, 0.014050544794956479, 0.01400206333726918, 0.013981652813493659, 0.014031668424332908, 0.013991048781696809, 0.013952006850767574, 0.013951276693869075, 0.013891689778399576, 0.013903129786047914, 0.013887886838013426, 0.013897902998697319, 0.013865889135508909, 0.013842463476258681, 0.013899804631231027, 0.013816682852531246, 0.013894038351782418, 0.013745529021760192, 0.013866398252820203, 0.013780448115815263, 0.013732299934901776, 0.013744889057899288, 0.013702840732256754, 0.013775186929339116, 0.013745062309530896, 0.013754439104450952, 0.013805607171438703, 0.013704082646637882, 0.013693378042053738, 0.013726490122530985, 0.013701855153733985, 0.013664851836655119, 0.013785654584954092, 0.013639377677864438, 0.013652568486510613, 0.013721673108568979, 0.01363950430355761, 0.013550429041027476, 0.013509924198851126, 0.013449832856860182, 0.013479491328359197, 0.013498001817374601, 0.013473037715762033, 0.013513902996863248, 0.01350186185039785, 0.013512222779863471, 0.013362593051695496, 0.013464250601828098, 0.013480729722511877, 0.013559991391290218, 0.01345524240558574, 0.013562538481633598, 0.013427642379126964, 0.013525764081934724, 0.013458708728398753, 0.013461287552063618, 0.013385600991410399, 0.013400679642180785, 0.013422957783855429, 0.013445647869156589, 0.013455893126649594, 0.013412237321154787, 0.01345189799204332, 0.013482599621724099, 0.013526234980843483, 0.013471217620946946, 0.013396747820421096, 0.013445482196269232, 0.013436176651798257, 0.013364918239483046, 0.013427247447089865, 0.013403128661693783, 0.013409901162558193, 0.013422420231300757, 0.013350573342737801, 0.013388638897294846, 0.013432980010952425, 0.013439263482022724, 0.013397739123587214, 0.013419963453614384, 0.013399800020825425, 0.01342556671743546, 0.01344543293015946, 0.013413467136886688, 0.013460943740237197, 0.01340388493834559, 0.013403801879751574, 0.01348487297158449, 0.013496921149962539, 0.013365385131141461, 0.01335906407394267, 0.013442390581268237, 0.013411673067838227, 0.013407526383979605, 0.013440922799802154, 0.013433036975425864, 0.01338643631940588]}
#history of model: model_norm_metrics
{"loss": [0.014382282144315776, 0.013184373112858571, 0.012937711607450031, 0.012833793744546495, 0.012818956053054175, 0.01277518835670814, 0.01274703118259767], "sliced_accuracy_std": [0.16815594930927225, 0.17537911367944953, 0.17516146431800625, 0.17428031233401775, 0.17438682689427826, 0.17458228854287342, 0.17429435099944757], "categorical_accuracy": [0.76547019656300452, 0.78349845709885135, 0.78366087386026118, 0.78366087385058036, 0.78382329061199008, 0.78544745822608786, 0.78463537441903897], "sliced_accuracy_mean": [0.66528860724396344, 0.68212089294424605, 0.68665379747586219, 0.68677191705658813, 0.68954775674942936, 0.69196925742954951, 0.69089139758601525], "rmse": [0.11991538911385062, 0.11480544892315046, 0.11372689505143853, 0.11327056483399932, 0.11320574341539402, 0.11301256189132175, 0.11288831230638398]}
#history of model: model_norm
{"loss": [0.014165783113022462, 0.014152554009075559, 0.014068742769710514, 0.014075899693192145, 0.014050544794956479, 0.01400206333726918, 0.013981652813493659, 0.014031668424332908, 0.013991048781696809, 0.013952006850767574, 0.013951276693869075, 0.013891689778399576, 0.013903129786047914, 0.013887886838013426, 0.013897902998697319, 0.013865889135508909, 0.013842463476258681, 0.013899804631231027, 0.013816682852531246, 0.013894038351782418, 0.013745529021760192, 0.013866398252820203, 0.013780448115815263, 0.013732299934901776, 0.013744889057899288, 0.013702840732256754, 0.013775186929339116, 0.013745062309530896, 0.013754439104450952, 0.013805607171438703, 0.013704082646637882, 0.013693378042053738, 0.013726490122530985, 0.013701855153733985, 0.013664851836655119, 0.013785654584954092, 0.013639377677864438, 0.013652568486510613, 0.013721673108568979, 0.01363950430355761, 0.013550429041027476, 0.013509924198851126, 0.013449832856860182, 0.013479491328359197, 0.013498001817374601, 0.013473037715762033, 0.013513902996863248, 0.01350186185039785, 0.013512222779863471, 0.013362593051695496, 0.013464250601828098, 0.013480729722511877, 0.013559991391290218, 0.01345524240558574, 0.013562538481633598, 0.013427642379126964, 0.013525764081934724, 0.013458708728398753, 0.013461287552063618, 0.013385600991410399, 0.013400679642180785, 0.013422957783855429, 0.013445647869156589, 0.013455893126649594, 0.013412237321154787, 0.01345189799204332, 0.013482599621724099, 0.013526234980843483, 0.013471217620946946, 0.013396747820421096, 0.013445482196269232, 0.013436176651798257, 0.013364918239483046, 0.013427247447089865, 0.013403128661693783, 0.013409901162558193, 0.013422420231300757, 0.013350573342737801, 0.013388638897294846, 0.013432980010952425, 0.013439263482022724, 0.013397739123587214, 0.013419963453614384, 0.013399800020825425, 0.01342556671743546, 0.01344543293015946, 0.013413467136886688, 0.013460943740237197, 0.01340388493834559, 0.013403801879751574, 0.01348487297158449, 0.013496921149962539, 0.013365385131141461, 0.01335906407394267, 0.013442390581268237, 0.013411673067838227, 0.013407526383979605, 0.013440922799802154, 0.013433036975425864, 0.01338643631940588, 0.013441073921842312, 0.013469782401594001, 0.013431117015489198, 0.013377083482545449, 0.013439411912626082, 0.013335373235541747, 0.013379421204738661, 0.013359554675877641, 0.013413702411184071, 0.013360650996344352, 0.013448406250104992, 0.013403889706033633, 0.013366590177110576, 0.013347361074470052, 0.013372447333136283, 0.013415717827412514, 0.013401290854661289, 0.013425349052824559, 0.013377985720514157, 0.01336319008927553]}
