 5 , 348.098279953 , 0.169969 , 0.168795 
 10 , 609.909415007 , 0.167174 , 0.166651 
 15 , 862.313111067 , 0.16638 , 0.16386 
 20 , 1112.99749398 , 0.165519 , 0.162569 
 25 , 1388.73246598 , 0.162608 , 0.163642 
 30 , 1703.37842011 , 0.163709 , 0.162316 
 35 , 1994.31343198 , 0.160067 , 0.162085 
 40 , 2304.94742298 , 0.163484 , 0.161147 
 45 , 2565.86342311 , 0.164644 , 0.16117 
 50 , 2817.9811511 , 0.161514 , 0.161035 
 55 , 3070.22216105 , 0.161643 , 0.160457 
 60 , 3349.82106709 , 0.166049 , 0.160362 
 65 , 3611.93359804 , 0.163085 , 0.160462 
 70 , 3881.18981409 , 0.157917 , 0.160284 
 75 , 4135.1908021 , 0.16052 , 0.160224 
 80 , 4388.19335103 , 0.158262 , 0.160255 
 85 , 4648.41317201 , 0.162845 , 0.160358 
 90 , 4909.70531416 , 0.163567 , 0.16021 
 95 , 5161.33193398 , 0.157808 , 0.160146 
 100 , 5413.51733899 , 0.160501 , 0.160083 
 105 , 5676.430372 , 0.16384 , 0.160184 
 110 , 5928.03483105 , 0.15865 , 0.160177 
 115 , 6179.73727417 , 0.160608 , 0.16009 
 120 , 6431.51529408 , 0.158748 , 0.160032 
 125 , 6683.04697609 , 0.163901 , 0.15999 
 130 , 6963.38454103 , 0.162369 , 0.159958 
 135 , 7214.56364703 , 0.158233 , 0.159942 
 140 , 7508.67512703 , 0.159754 , 0.159921 
 145 , 7815.41529202 , 0.159946 , 0.16011 
 150 , 8064.539258 , 0.160559 , 0.160027 
 155 , 8313.39935899 , 0.162681 , 0.159875 
 160 , 8562.17439604 , 0.160624 , 0.160226 
 165 , 8810.737746 , 0.157798 , 0.15984 
 170 , 9060.76767397 , 0.160827 , 0.160095 
 175 , 9319.2792201 , 0.158511 , 0.160343 
 180 , 9568.18030095 , 0.158393 , 0.159794 
 185 , 9817.45294905 , 0.160539 , 0.159814 
 190 , 10067.0141051 , 0.157998 , 0.159722 
 195 , 10316.452755 , 0.160174 , 0.159876 
 200 , 10592.2933462 , 0.161208 , 0.159733 
 205 , 10841.3885641 , 0.160092 , 0.159857 
 210 , 11173.58359 , 0.160254 , 0.159788 
 215 , 11424.781827 , 0.157978 , 0.159718 
 220 , 11673.869283 , 0.156954 , 0.159698 
 225 , 11921.8803411 , 0.159786 , 0.159693 
 230 , 12171.1005971 , 0.160231 , 0.159775 
 235 , 12420.0674272 , 0.161602 , 0.159593 
 240 , 12667.5596449 , 0.156562 , 0.159779 
 245 , 12921.307821 , 0.159361 , 0.15975 
 250 , 13169.624819 , 0.159749 , 0.159652 
 255 , 13424.84851 , 0.159331 , 0.159713 
 260 , 13673.3445802 , 0.160408 , 0.159749 
 265 , 13922.093642 , 0.160637 , 0.159655 
 270 , 14176.391151 , 0.162897 , 0.159589 
 275 , 14424.3554571 , 0.157616 , 0.159563 
 280 , 14697.438555 , 0.159592 , 0.159946 
 285 , 14946.3700612 , 0.158707 , 0.159548 
 290 , 15194.4996111 , 0.159586 , 0.159556 
 295 , 15443.7846251 , 0.160571 , 0.16027 
 300 , 15692.550576 , 0.156926 , 0.159551 
 305 , 15942.202986 , 0.162816 , 0.159646 
 310 , 16191.039881 , 0.160269 , 0.160023 
 315 , 16440.3293011 , 0.160859 , 0.159582 
 320 , 16689.4212451 , 0.164318 , 0.159551 
 325 , 16938.7347569 , 0.158678 , 0.159462 
 330 , 17187.908406 , 0.159954 , 0.159429 
 335 , 17436.7000461 , 0.160833 , 0.159529 
 340 , 17694.7806032 , 0.159462 , 0.159391 
 345 , 17945.4184651 , 0.159801 , 0.159507 
 350 , 18214.3913381 , 0.15645 , 0.159467 
 355 , 18466.6370521 , 0.160645 , 0.159456 
 360 , 18715.5232201 , 0.158692 , 0.159375 
 365 , 18966.9550171 , 0.160369 , 0.159501 
 370 , 19218.2299581 , 0.161657 , 0.159337 
 375 , 19469.0790172 , 0.158363 , 0.159488 
 380 , 19723.64605 , 0.157172 , 0.159393 
 385 , 19981.3683751 , 0.156905 , 0.159658 
 390 , 20230.6245201 , 0.159598 , 0.159462 
 395 , 20479.7066791 , 0.161466 , 0.159419 
 400 , 20729.623306 , 0.159961 , 0.159749 
 405 , 20979.154336 , 0.161027 , 0.159312 
 410 , 21234.6742191 , 0.160039 , 0.15932 
 415 , 21482.784307 , 0.157973 , 0.159345 
 420 , 21745.9731011 , 0.155139 , 0.159379 
 425 , 21994.9094911 , 0.159393 , 0.159345 
 430 , 22243.06391 , 0.157897 , 0.159217 
 435 , 22492.4780312 , 0.157725 , 0.159267 
 440 , 22741.0128372 , 0.160345 , 0.159427 
 445 , 22989.4937479 , 0.157781 , 0.159274 
 450 , 23238.424469 , 0.161396 , 0.15927 
 455 , 23488.7247651 , 0.157551 , 0.159423 
 460 , 23736.928745 , 0.15767 , 0.159316 
 465 , 23985.4118152 , 0.161763 , 0.159332 
 470 , 24234.3719561 , 0.157082 , 0.159201 
 475 , 24483.1449339 , 0.160632 , 0.15918 
 480 , 24729.1430311 , 0.159306 , 0.159657 
 20 , 1104.76108098 , 0.229048 , 0.225756 
 40 , 2030.70295119 , 0.227039 , 0.225756 
 60 , 2942.33371806 , 0.228675 , 0.225756 
 80 , 3857.76192808 , 0.225362 , 0.225756 
 100 , 4795.82332206 , 0.228693 , 0.225756 
 120 , 5708.73238897 , 0.227021 , 0.225756 
 140 , 6621.87153506 , 0.221441 , 0.225756 
 160 , 7540.70174813 , 0.223513 , 0.225756 
 180 , 8452.79968715 , 0.227502 , 0.225756 
 200 , 9367.39098215 , 0.224897 , 0.225756 
 220 , 10280.0822542 , 0.222363 , 0.225756 
 240 , 11193.8348482 , 0.226906 , 0.225756 
 260 , 12111.6178792 , 0.227578 , 0.225756 
 280 , 13025.1058781 , 0.224736 , 0.225756 
 300 , 13937.4203072 , 0.222595 , 0.225756 
 320 , 14859.8864422 , 0.224256 , 0.225756 
 340 , 15778.2834282 , 0.225546 , 0.225756 
 360 , 16692.3491192 , 0.229036 , 0.225756 
 380 , 17606.6722951 , 0.223363 , 0.225756 
 400 , 18522.3335121 , 0.228828 , 0.225756 
 420 , 19439.688189 , 0.223581 , 0.225756 
 440 , 20352.8877251 , 0.229268 , 0.225756 
 460 , 21267.0046041 , 0.225718 , 0.225756 
 480 , 22204.6361091 , 0.22358 , 0.225756 
 500 , 23118.801065 , 0.228841 , 0.225756 
 520 , 24031.415586 , 0.231323 , 0.225756 
 540 , 24945.5074911 , 0.223073 , 0.225756 
 560 , 25863.1502171 , 0.224364 , 0.225756 
 580 , 26780.391643 , 0.228532 , 0.225756 
 600 , 27694.582032 , 0.224908 , 0.225756 
 620 , 28620.5812221 , 0.225296 , 0.225756 
 640 , 29539.2394202 , 0.228217 , 0.225756 
 660 , 30456.629864 , 0.228109 , 0.225756 
 680 , 31376.167964 , 0.226292 , 0.225756 
 700 , 32289.687346 , 0.223645 , 0.225756 
 720 , 33227.6061702 , 0.225461 , 0.225756 
 740 , 34140.012774 , 0.224793 , 0.225756 
 760 , 35053.192801 , 0.228495 , 0.225756 
 780 , 35967.3811932 , 0.226982 , 0.225756 
 800 , 36892.0424042 , 0.223592 , 0.225756 
 820 , 37806.237741 , 0.225749 , 0.225756 
 840 , 38719.112849 , 0.220829 , 0.225756 
 860 , 39634.013248 , 0.228475 , 0.225756 
 880 , 40574.2313221 , 0.2238 , 0.225756 
 900 , 41487.2947221 , 0.220555 , 0.225756 
 920 , 42399.639905 , 0.224224 , 0.225756 
 940 , 43313.70086 , 0.227588 , 0.225756 
 960 , 44236.6213801 , 0.226353 , 0.225756 
 980 , 45150.094959 , 0.22093 , 0.225756 
 1000 , 46091.565851 , 0.221344 , 0.225756 
 1020 , 47009.405808 , 0.226112 , 0.225756 
 1040 , 47961.881654 , 0.227321 , 0.225756 
 1060 , 48876.009176 , 0.225275 , 0.225756 
 1080 , 49789.8340621 , 0.227111 , 0.225756 
 1100 , 50704.1582911 , 0.227856 , 0.225756 
 1120 , 51615.6994991 , 0.223718 , 0.225756 
 1140 , 52529.2436051 , 0.226552 , 0.225756 
 1160 , 53447.378521 , 0.224949 , 0.225756 
 1180 , 54357.8421171 , 0.226919 , 0.225756 
 1200 , 55274.9952641 , 0.222043 , 0.225756 
 1220 , 56188.9479661 , 0.22394 , 0.225756 
 1240 , 57100.2344761 , 0.22734 , 0.225756 
 1260 , 58021.656863 , 0.223205 , 0.225756 
 1280 , 58973.557348 , 0.224412 , 0.225756 
 1300 , 59886.4987051 , 0.226813 , 0.225756 
 1320 , 60805.0714741 , 0.224875 , 0.225756 
 1340 , 61719.155292 , 0.223704 , 0.225756 
 1360 , 62630.867332 , 0.227177 , 0.225756 
 1380 , 63543.56495 , 0.231508 , 0.225756 
 1400 , 64482.3591092 , 0.227828 , 0.225756 
 1420 , 65393.2123032 , 0.220613 , 0.225756 
 1440 , 66379.6570542 , 0.226303 , 0.225756 
 1460 , 67290.741065 , 0.221187 , 0.225756 
 1480 , 68205.141983 , 0.225414 , 0.225756 
 1500 , 69126.7853801 , 0.22376 , 0.225756 
 1520 , 70069.032006 , 0.223496 , 0.225756 
 1540 , 70981.5699952 , 0.226658 , 0.225756 
 1560 , 71893.758162 , 0.228301 , 0.225756 
 1580 , 72863.0597751 , 0.219208 , 0.225756 
 1600 , 73776.0199602 , 0.223782 , 0.225756 
 1620 , 74688.011642 , 0.22494 , 0.225756 
 1640 , 75600.9917381 , 0.223277 , 0.225756 
 1660 , 76535.9450431 , 0.223062 , 0.225756 
 1680 , 77447.6855161 , 0.224138 , 0.225756 
 1700 , 78360.696275 , 0.224041 , 0.225756 
 1720 , 79273.934176 , 0.228414 , 0.225756 
 1740 , 80200.704035 , 0.222388 , 0.225756 
 1760 , 81111.431915 , 0.226281 , 0.225756 
 1780 , 82026.2256241 , 0.225734 , 0.225756 
 1800 , 82947.8255401 , 0.230011 , 0.225756 
 1820 , 83899.8054612 , 0.222832 , 0.225756 
 1840 , 84813.459156 , 0.224883 , 0.225756 
 1860 , 85730.643281 , 0.228476 , 0.225756 
 1880 , 86644.3355761 , 0.227093 , 0.225756 
 1900 , 87562.833976 , 0.226074 , 0.225756 
 1920 , 88475.6252871 , 0.226264 , 0.225756 
 1940 , 89389.8114262 , 0.222104 , 0.225756 
 1960 , 90304.8043551 , 0.223814 , 0.225756 
 1980 , 91225.3193481 , 0.226994 , 0.225756 
 2000 , 92135.3708041 , 0.227467 , 0.225756 
