#wRandFlip 
#The training is running for 1000 chunks, each with 1600 images. That are about 29 epochs. The validation sample contains 6157 images. 
#round  ,time, mean_train_loss , mean_valid_loss 
#  setting learning rate to 0.080000 
1 , 79.1271469593 , 0.172583 , 0.0 
 2 , 128.894295931 , 0.164714 , 0.0 
 3 , 178.256673813 , 0.164819 , 0.0 
 4 , 227.655981779 , 0.163356 , 0.0 
 5 , 277.162427902 , 0.166477 , 0.0 
 6 , 326.612734795 , 0.160898 , 0.0 
 7 , 375.951976776 , 0.165981 , 0.0 
 8 , 425.216409922 , 0.164229 , 0.0 
 9 , 474.572914839 , 0.161661 , 0.0 
 10 , 523.93893981 , 0.163086 , 0.0 
 11 , 573.454630852 , 0.163616 , 0.0 
 12 , 622.902164936 , 0.162474 , 0.0 
 13 , 672.159757853 , 0.163838 , 0.0 
 14 , 721.710255861 , 0.164145 , 0.0 
 15 , 771.143654823 , 0.164163 , 0.0 
 16 , 820.495589972 , 0.163271 , 0.0 
 17 , 869.92778182 , 0.163675 , 0.0 
 18 , 919.243574858 , 0.164054 , 0.0 
 19 , 969.777249813 , 0.163418 , 0.0 
#Free GPU Mem after validation step 152.5625 MiB  
20 , 1075.30137992 , 0.16263 , 0.0 
 21 , 1124.68853688 , 0.165813 , 0.0 
 22 , 1173.9877758 , 0.165418 , 0.164165 
 23 , 1223.2287519 , 0.162017 , 0.164165 
 24 , 1272.52985787 , 0.162867 , 0.164165 
 25 , 1321.8556838 , 0.164373 , 0.164165 
 26 , 1371.17360091 , 0.163697 , 0.164165 
 27 , 1420.34201193 , 0.163155 , 0.164165 
 28 , 1469.73929095 , 0.160471 , 0.164165 
 29 , 1519.09626484 , 0.163805 , 0.164165 
 30 , 1568.49760294 , 0.164664 , 0.164165 
 31 , 1617.82845879 , 0.163767 , 0.164165 
 32 , 1667.22739983 , 0.161285 , 0.164165 
 33 , 1716.6424799 , 0.156553 , 0.164165 
 34 , 1765.93666792 , 0.156292 , 0.164165 
 35 , 1815.12544084 , 0.152953 , 0.164165 
 36 , 1864.40624189 , 0.153868 , 0.164165 
 37 , 1913.61512184 , 0.15149 , 0.164165 
 38 , 1962.740098 , 0.153158 , 0.164165 
 39 , 2011.85925794 , 0.151347 , 0.164165 
 40 , 2114.83380795 , 0.152784 , 0.149851 
 41 , 2164.17917681 , 0.148859 , 0.149851 
 42 , 2213.325845 , 0.148429 , 0.149851 
 43 , 2262.56741977 , 0.149943 , 0.149851 
 44 , 2311.77593684 , 0.149912 , 0.149851 
 45 , 2361.03937984 , 0.147524 , 0.149851 
 46 , 2410.42310786 , 0.147238 , 0.149851 
 47 , 2459.60870099 , 0.145417 , 0.149851 
 48 , 2508.95776081 , 0.142606 , 0.149851 
 49 , 2558.33950591 , 0.143255 , 0.149851 
 50 , 2607.78045487 , 0.145854 , 0.149851 
#setting learning rate to 0.040000 
51 , 2657.23954296 , 0.144054 , 0.149851 
 52 , 2707.52338886 , 0.140954 , 0.149851 
 53 , 2756.98898387 , 0.143715 , 0.149851 
 54 , 2806.31380081 , 0.141117 , 0.149851 
 55 , 2855.59406996 , 0.143208 , 0.149851 
 56 , 2904.87454891 , 0.140495 , 0.149851 
 57 , 2954.23856187 , 0.139935 , 0.149851 
 58 , 3003.61122394 , 0.141015 , 0.149851 
 59 , 3052.89825392 , 0.13859 , 0.149851 
 60 , 3155.70789385 , 0.138583 , 0.136763 
 61 , 3205.14716196 , 0.138623 , 0.136763 
 62 , 3254.59195995 , 0.136919 , 0.136763 
 63 , 3303.95548797 , 0.135373 , 0.136763 
 64 , 3353.40232897 , 0.135155 , 0.136763 
 65 , 3402.64499187 , 0.136859 , 0.136763 
 66 , 3452.22208381 , 0.134934 , 0.136763 
 67 , 3501.63984799 , 0.134798 , 0.136763 
 68 , 3551.00921988 , 0.132973 , 0.136763 
 69 , 3600.43733287 , 0.130118 , 0.136763 
 70 , 3649.90040779 , 0.131114 , 0.136763 
 71 , 3699.26850295 , 0.132529 , 0.136763 
 72 , 3748.66999197 , 0.131233 , 0.136763 
 73 , 3798.11930084 , 0.127229 , 0.136763 
 74 , 3847.45142698 , 0.129023 , 0.136763 
 75 , 3896.89456296 , 0.130809 , 0.136763 
 76 , 3946.24765182 , 0.128268 , 0.136763 
 77 , 3995.6491909 , 0.1277 , 0.136763 
 78 , 4045.13071299 , 0.126279 , 0.136763 
 79 , 4094.55892181 , 0.127136 , 0.136763 
 80 , 4197.13387299 , 0.126931 , 0.12186 
 81 , 4246.54214191 , 0.125035 , 0.12186 
 82 , 4295.87410688 , 0.126359 , 0.12186 
 83 , 4345.24031782 , 0.1239 , 0.12186 
 84 , 4394.50180578 , 0.12162 , 0.12186 
 85 , 4443.8786099 , 0.124572 , 0.12186 
 86 , 4493.2805078 , 0.12086 , 0.12186 
 87 , 4543.19681692 , 0.1195 , 0.12186 
 88 , 4592.3316009 , 0.123751 , 0.12186 
 89 , 4641.6500299 , 0.119905 , 0.12186 
 90 , 4691.0767138 , 0.120522 , 0.12186 
 91 , 4740.42354989 , 0.121577 , 0.12186 
 92 , 4789.90766478 , 0.11933 , 0.12186 
 93 , 4839.45507693 , 0.120368 , 0.12186 
 94 , 4888.85049987 , 0.118311 , 0.12186 
 95 , 4938.22592783 , 0.119457 , 0.12186 
 96 , 4987.61635184 , 0.118009 , 0.12186 
 97 , 5037.02275085 , 0.117667 , 0.12186 
 98 , 5086.35334778 , 0.118522 , 0.12186 
 99 , 5135.96776199 , 0.117363 , 0.12186 
 100 , 5238.6441009 , 0.116918 , 0.113796 
 101 , 5288.06645679 , 0.117796 , 0.113796 
 102 , 5337.51753092 , 0.117697 , 0.113796 
 103 , 5386.96056294 , 0.116871 , 0.113796 
 104 , 5437.18189788 , 0.115835 , 0.113796 
 105 , 5486.466223 , 0.115728 , 0.113796 
 106 , 5535.87461185 , 0.115708 , 0.113796 
 107 , 5585.19779396 , 0.115388 , 0.113796 
 108 , 5634.59492278 , 0.11459 , 0.113796 
 109 , 5684.00947285 , 0.113735 , 0.113796 
 110 , 5733.3476038 , 0.115535 , 0.113796 
 111 , 5782.7398169 , 0.113615 , 0.113796 
 112 , 5832.13641977 , 0.116859 , 0.113796 
 113 , 5881.34888482 , 0.114973 , 0.113796 
 114 , 5930.6263659 , 0.115005 , 0.113796 
 115 , 5979.95399094 , 0.113838 , 0.113796 
 116 , 6029.27243996 , 0.113771 , 0.113796 
 117 , 6078.57264495 , 0.113138 , 0.113796 
 118 , 6127.81144094 , 0.110135 , 0.113796 
 119 , 6177.18023777 , 0.113982 , 0.113796 
 120 , 6279.9543519 , 0.11152 , 0.109495 
 121 , 6329.29679298 , 0.113406 , 0.109495 
 122 , 6378.67032599 , 0.112132 , 0.109495 
 123 , 6427.97735691 , 0.113583 , 0.109495 
 124 , 6477.32168078 , 0.111016 , 0.109495 
 125 , 6526.7171669 , 0.11365 , 0.109495 
 126 , 6576.15887499 , 0.110655 , 0.109495 
 127 , 6625.4411819 , 0.111368 , 0.109495 
 128 , 6674.71643686 , 0.111963 , 0.109495 
 129 , 6724.09576797 , 0.11199 , 0.109495 
 130 , 6773.50580883 , 0.113563 , 0.109495 
 131 , 6822.950634 , 0.110368 , 0.109495 
 132 , 6872.35409999 , 0.111992 , 0.109495 
 133 , 6921.77908087 , 0.110443 , 0.109495 
 134 , 6971.24119687 , 0.111035 , 0.109495 
 135 , 7020.58715391 , 0.11087 , 0.109495 
 136 , 7069.85388494 , 0.111955 , 0.109495 
 137 , 7119.16031981 , 0.107836 , 0.109495 
 138 , 7168.45369792 , 0.110734 , 0.109495 
 139 , 7217.67206192 , 0.108895 , 0.109495 
 140 , 7320.27522087 , 0.110573 , 0.107287 
 141 , 7369.63593483 , 0.110625 , 0.107287 
 142 , 7419.02012396 , 0.11078 , 0.107287 
 143 , 7468.29752398 , 0.110021 , 0.107287 
 144 , 7517.54843783 , 0.109758 , 0.107287 
 145 , 7566.81211782 , 0.107223 , 0.107287 
 146 , 7616.17273092 , 0.108892 , 0.107287 
 147 , 7665.52001595 , 0.111198 , 0.107287 
 148 , 7714.79247379 , 0.108269 , 0.107287 
 149 , 7764.04099584 , 0.108415 , 0.107287 
 150 , 7813.3359108 , 0.111242 , 0.107287 
 151 , 7862.60081291 , 0.108327 , 0.107287 
 152 , 7911.96628499 , 0.107243 , 0.107287 
 153 , 7961.24383092 , 0.107839 , 0.107287 
 154 , 8010.63489699 , 0.109475 , 0.107287 
 155 , 8060.14545989 , 0.107316 , 0.107287 
 156 , 8109.78697777 , 0.108672 , 0.107287 
 157 , 8159.35999894 , 0.109015 , 0.107287 
 158 , 8208.70804381 , 0.109895 , 0.107287 
 159 , 8257.987535 , 0.107863 , 0.107287 
 160 , 8360.49693489 , 0.107137 , 0.105622 
 161 , 8409.78676081 , 0.107506 , 0.105622 
 162 , 8459.04045892 , 0.107177 , 0.105622 
 163 , 8508.29958987 , 0.10844 , 0.105622 
 164 , 8557.53205085 , 0.106865 , 0.105622 
 165 , 8606.77705479 , 0.108391 , 0.105622 
 166 , 8655.86210299 , 0.107651 , 0.105622 
 167 , 8705.11709094 , 0.106829 , 0.105622 
 168 , 8754.54888296 , 0.108695 , 0.105622 
 169 , 8803.88403296 , 0.107314 , 0.105622 
 170 , 8853.23608899 , 0.108054 , 0.105622 
 171 , 8902.56192589 , 0.108195 , 0.105622 
 172 , 8951.83745885 , 0.10662 , 0.105622 
 173 , 9001.0044589 , 0.106025 , 0.105622 
 174 , 9050.21609879 , 0.106191 , 0.105622 
 175 , 9099.56199598 , 0.106552 , 0.105622 
 176 , 9148.87695384 , 0.106471 , 0.105622 
 177 , 9198.17171192 , 0.108071 , 0.105622 
 178 , 9247.55023193 , 0.107459 , 0.105622 
 179 , 9296.71072483 , 0.10631 , 0.105622 
 180 , 9399.21812391 , 0.106119 , 0.104859 
 181 , 9448.42555594 , 0.108164 , 0.104859 
 182 , 9497.88355684 , 0.105228 , 0.104859 
 183 , 9547.27490377 , 0.106507 , 0.104859 
 184 , 9596.50281286 , 0.104786 , 0.104859 
 185 , 9645.76138997 , 0.106231 , 0.104859 
 186 , 9695.11764789 , 0.104552 , 0.104859 
 187 , 9744.49428988 , 0.109596 , 0.104859 
 188 , 9793.88730478 , 0.105885 , 0.104859 
 189 , 9843.1545639 , 0.105523 , 0.104859 
 190 , 9892.4964869 , 0.106231 , 0.104859 
 191 , 9941.87780499 , 0.10645 , 0.104859 
 192 , 9991.10873485 , 0.10628 , 0.104859 
 193 , 10040.6330729 , 0.105819 , 0.104859 
 194 , 10089.968848 , 0.105078 , 0.104859 
 195 , 10139.2733738 , 0.105104 , 0.104859 
 196 , 10188.5927558 , 0.105488 , 0.104859 
 197 , 10237.9662058 , 0.105604 , 0.104859 
 198 , 10287.318224 , 0.105024 , 0.104859 
 199 , 10336.6522229 , 0.102587 , 0.104859 
 200 , 10439.1988318 , 0.106965 , 0.102388 
 201 , 10488.4917588 , 0.10454 , 0.102388 
 202 , 10537.737376 , 0.104378 , 0.102388 
 203 , 10587.0752358 , 0.104613 , 0.102388 
 204 , 10636.2979498 , 0.106929 , 0.102388 
 205 , 10685.745703 , 0.107368 , 0.102388 
 206 , 10735.1157718 , 0.10308 , 0.102388 
 207 , 10784.4547429 , 0.106141 , 0.102388 
 208 , 10833.837441 , 0.104212 , 0.102388 
 209 , 10883.1846268 , 0.106378 , 0.102388 
 210 , 10932.511132 , 0.105166 , 0.102388 
 211 , 10981.9920149 , 0.103143 , 0.102388 
 212 , 11031.2787709 , 0.105623 , 0.102388 
 213 , 11080.5285199 , 0.105109 , 0.102388 
 214 , 11129.7969408 , 0.104489 , 0.102388 
 215 , 11179.1198449 , 0.103019 , 0.102388 
 216 , 11228.4294679 , 0.104498 , 0.102388 
 217 , 11277.9280348 , 0.105302 , 0.102388 
 218 , 11327.3467138 , 0.103472 , 0.102388 
 219 , 11376.8236649 , 0.102883 , 0.102388 
 220 , 11479.3910408 , 0.101219 , 0.10125 
 221 , 11528.7235839 , 0.105124 , 0.10125 
 222 , 11578.1173458 , 0.106173 , 0.10125 
 223 , 11627.6594169 , 0.103176 , 0.10125 
 224 , 11677.1147919 , 0.104026 , 0.10125 
 225 , 11726.430995 , 0.103978 , 0.10125 
 226 , 11775.795779 , 0.105284 , 0.10125 
 227 , 11825.1363099 , 0.103711 , 0.10125 
 228 , 11874.531992 , 0.103516 , 0.10125 
 229 , 11923.8330719 , 0.102773 , 0.10125 
 230 , 11973.2271328 , 0.103173 , 0.10125 
 231 , 12022.5462449 , 0.103997 , 0.10125 
 232 , 12071.9281499 , 0.102223 , 0.10125 
 233 , 12121.2044599 , 0.101871 , 0.10125 
 234 , 12170.7081058 , 0.103221 , 0.10125 
 235 , 12220.0276289 , 0.100729 , 0.10125 
 236 , 12269.303767 , 0.10237 , 0.10125 
 237 , 12318.6737559 , 0.102854 , 0.10125 
 238 , 12367.9848518 , 0.105499 , 0.10125 
 239 , 12417.3861728 , 0.101917 , 0.10125 
 240 , 12519.9354498 , 0.102857 , 0.100559 
 241 , 12569.2279789 , 0.102732 , 0.100559 
 242 , 12618.593344 , 0.10294 , 0.100559 
 243 , 12667.83687 , 0.104225 , 0.100559 
 244 , 12717.2027528 , 0.102453 , 0.100559 
 245 , 12766.4110718 , 0.101163 , 0.100559 
 246 , 12815.7150328 , 0.103857 , 0.100559 
 247 , 12864.9214308 , 0.100729 , 0.100559 
 248 , 12914.124872 , 0.103965 , 0.100559 
 249 , 12963.4743309 , 0.101111 , 0.100559 
 250 , 13012.7548268 , 0.102783 , 0.100559 
 251 , 13061.9673438 , 0.104214 , 0.100559 
 252 , 13111.4217849 , 0.10184 , 0.100559 
 253 , 13160.8764498 , 0.10512 , 0.100559 
 254 , 13210.2175469 , 0.101486 , 0.100559 
 255 , 13259.6248808 , 0.101048 , 0.100559 
 256 , 13308.8823519 , 0.104084 , 0.100559 
 257 , 13358.1346679 , 0.100339 , 0.100559 
 258 , 13407.29758 , 0.10189 , 0.100559 
 259 , 13456.6843598 , 0.101504 , 0.100559 
 260 , 13559.3246608 , 0.102167 , 0.101816 
 261 , 13608.694608 , 0.101799 , 0.101816 
 262 , 13658.0789528 , 0.101521 , 0.101816 
 263 , 13707.3972719 , 0.103347 , 0.101816 
 264 , 13756.6169178 , 0.102973 , 0.101816 
 265 , 13805.9486439 , 0.102276 , 0.101816 
 266 , 13855.244694 , 0.102092 , 0.101816 
 267 , 13904.5984659 , 0.103255 , 0.101816 
 268 , 13954.0096748 , 0.099818 , 0.101816 
 269 , 14003.325156 , 0.102745 , 0.101816 
 270 , 14052.5609608 , 0.100957 , 0.101816 
 271 , 14102.0767949 , 0.101991 , 0.101816 
 272 , 14151.278399 , 0.102659 , 0.101816 
 273 , 14200.682431 , 0.101873 , 0.101816 
 274 , 14249.9741988 , 0.1013 , 0.101816 
 275 , 14299.3570769 , 0.100866 , 0.101816 
 276 , 14348.670398 , 0.100738 , 0.101816 
 277 , 14397.9931948 , 0.100266 , 0.101816 
 278 , 14447.33865 , 0.103727 , 0.101816 
 279 , 14496.8184838 , 0.101959 , 0.101816 
 280 , 14599.446296 , 0.101134 , 0.097997 
 281 , 14648.7970839 , 0.103303 , 0.097997 
 282 , 14698.1215549 , 0.101252 , 0.097997 
 283 , 14747.410991 , 0.102096 , 0.097997 
 284 , 14796.7280529 , 0.100352 , 0.097997 
 285 , 14846.2709119 , 0.100862 , 0.097997 
 286 , 14895.5030749 , 0.100567 , 0.097997 
 287 , 14944.9974329 , 0.101783 , 0.097997 
 288 , 14994.501323 , 0.101324 , 0.097997 
 289 , 15043.7652559 , 0.09899 , 0.097997 
 290 , 15093.1573269 , 0.101778 , 0.097997 
 291 , 15142.6465209 , 0.101721 , 0.097997 
 292 , 15192.0385618 , 0.101468 , 0.097997 
 293 , 15241.4096079 , 0.100306 , 0.097997 
 294 , 15290.826664 , 0.101396 , 0.097997 
 295 , 15341.0531819 , 0.100654 , 0.097997 
 296 , 15390.289943 , 0.0998786 , 0.097997 
 297 , 15439.6525819 , 0.10093 , 0.097997 
 298 , 15488.933733 , 0.100936 , 0.097997 
 299 , 15538.3516228 , 0.0984801 , 0.097997 
 300 , 15640.8501759 , 0.100162 , 0.0980854 
 301 , 15690.140188 , 0.0987146 , 0.0980854 
 302 , 15739.4589379 , 0.0998641 , 0.0980854 
 303 , 15788.861604 , 0.101153 , 0.0980854 
 304 , 15838.2841508 , 0.100591 , 0.0980854 
 305 , 15887.3998408 , 0.0998295 , 0.0980854 
 306 , 15936.71962 , 0.0982498 , 0.0980854 
 307 , 15986.057158 , 0.0988231 , 0.0980854 
 308 , 16035.4640658 , 0.0987121 , 0.0980854 
 309 , 16084.964674 , 0.0985074 , 0.0980854 
 310 , 16134.3444309 , 0.10112 , 0.0980854 
 311 , 16183.637563 , 0.0993949 , 0.0980854 
 312 , 16233.0744889 , 0.101139 , 0.0980854 
 313 , 16282.6876268 , 0.0989845 , 0.0980854 
 314 , 16332.0187058 , 0.101198 , 0.0980854 
 315 , 16381.4276419 , 0.100551 , 0.0980854 
 316 , 16430.8046019 , 0.0997163 , 0.0980854 
 317 , 16480.2761469 , 0.101235 , 0.0980854 
 318 , 16529.578728 , 0.101085 , 0.0980854 
 319 , 16578.8732359 , 0.101146 , 0.0980854 
 320 , 16681.4472189 , 0.0998033 , 0.0980042 
 321 , 16730.7213659 , 0.100285 , 0.0980042 
 322 , 16780.0650158 , 0.0998755 , 0.0980042 
 323 , 16829.369339 , 0.0994487 , 0.0980042 
 324 , 16878.6116328 , 0.0994419 , 0.0980042 
 325 , 16927.9463539 , 0.101081 , 0.0980042 
 326 , 16977.255934 , 0.0980648 , 0.0980042 
 327 , 17026.616483 , 0.0997398 , 0.0980042 
 328 , 17075.9580259 , 0.100478 , 0.0980042 
 329 , 17125.108032 , 0.097423 , 0.0980042 
 330 , 17174.3176718 , 0.0983149 , 0.0980042 
 331 , 17223.5877838 , 0.0979118 , 0.0980042 
 332 , 17272.8008099 , 0.0989477 , 0.0980042 
 333 , 17322.135891 , 0.0985098 , 0.0980042 
 334 , 17371.3708489 , 0.100221 , 0.0980042 
 335 , 17420.6463518 , 0.0977666 , 0.0980042 
 336 , 17469.8533769 , 0.0991786 , 0.0980042 
 337 , 17519.1335828 , 0.0992005 , 0.0980042 
 338 , 17568.4585459 , 0.0992989 , 0.0980042 
 339 , 17617.7843909 , 0.0997714 , 0.0980042 
 340 , 17720.295522 , 0.0978716 , 0.0968086 
 341 , 17769.5666449 , 0.0991667 , 0.0968086 
 342 , 17818.7915919 , 0.100949 , 0.0968086 
 343 , 17868.0295289 , 0.0955811 , 0.0968086 
 344 , 17917.320941 , 0.0986391 , 0.0968086 
 345 , 17966.613611 , 0.0982691 , 0.0968086 
 346 , 18015.9322278 , 0.101194 , 0.0968086 
 347 , 18065.2976458 , 0.0992969 , 0.0968086 
 348 , 18114.6808639 , 0.0984936 , 0.0968086 
 349 , 18163.9854708 , 0.0984459 , 0.0968086 
 350 , 18213.4099228 , 0.09741 , 0.0968086 
 351 , 18262.715235 , 0.0990484 , 0.0968086 
 352 , 18311.9494689 , 0.0960236 , 0.0968086 
 353 , 18361.2942328 , 0.10011 , 0.0968086 
 354 , 18410.587786 , 0.097809 , 0.0968086 
 355 , 18459.807447 , 0.0985598 , 0.0968086 
 356 , 18509.0549908 , 0.0985283 , 0.0968086 
 357 , 18558.3288279 , 0.0990101 , 0.0968086 
 358 , 18607.6069908 , 0.0979438 , 0.0968086 
 359 , 18656.9152029 , 0.0979396 , 0.0968086 
 360 , 18759.3978889 , 0.0977023 , 0.0980674 
 361 , 18808.7186348 , 0.0977805 , 0.0980674 
 362 , 18858.064832 , 0.0972059 , 0.0980674 
 363 , 18907.5384679 , 0.0979925 , 0.0980674 
 364 , 18956.9713328 , 0.0955282 , 0.0980674 
 365 , 19006.375634 , 0.0987571 , 0.0980674 
 366 , 19055.7364678 , 0.098281 , 0.0980674 
 367 , 19105.0475228 , 0.0982149 , 0.0980674 
 368 , 19154.275301 , 0.0982871 , 0.0980674 
 369 , 19203.5139089 , 0.0977062 , 0.0980674 
 370 , 19252.8152859 , 0.0971656 , 0.0980674 
 371 , 19302.077096 , 0.0973899 , 0.0980674 
 372 , 19351.2600908 , 0.0976327 , 0.0980674 
 373 , 19400.4246409 , 0.096585 , 0.0980674 
 374 , 19449.8128679 , 0.0974337 , 0.0980674 
 375 , 19499.067977 , 0.0976146 , 0.0980674 
 376 , 19548.3473108 , 0.0987454 , 0.0980674 
 377 , 19597.6875098 , 0.0972741 , 0.0980674 
 378 , 19647.0087359 , 0.0970542 , 0.0980674 
 379 , 19696.3483269 , 0.096089 , 0.0980674 
 380 , 19798.8034379 , 0.0965828 , 0.0955457 
 381 , 19848.2246008 , 0.0992854 , 0.0955457 
 382 , 19897.7495809 , 0.0988575 , 0.0955457 
 383 , 19946.9540238 , 0.0973037 , 0.0955457 
 384 , 19996.1247878 , 0.0981481 , 0.0955457 
 385 , 20045.4356859 , 0.0973904 , 0.0955457 
 386 , 20094.6807699 , 0.0968094 , 0.0955457 
 387 , 20143.9873278 , 0.0963192 , 0.0955457 
 388 , 20193.1179299 , 0.0956618 , 0.0955457 
 389 , 20242.265348 , 0.0966324 , 0.0955457 
 390 , 20291.6023128 , 0.0981569 , 0.0955457 
 391 , 20340.921021 , 0.098949 , 0.0955457 
 392 , 20390.180975 , 0.096817 , 0.0955457 
 393 , 20439.5474238 , 0.098266 , 0.0955457 
 394 , 20488.7856359 , 0.0986743 , 0.0955457 
 395 , 20538.0835359 , 0.09661 , 0.0955457 
 396 , 20587.4144528 , 0.0965325 , 0.0955457 
 397 , 20636.8274269 , 0.0976992 , 0.0955457 
 398 , 20686.1100039 , 0.0963001 , 0.0955457 
 399 , 20735.6970608 , 0.0972642 , 0.0955457 
 400 , 20838.0009968 , 0.0970357 , 0.0944503 
 401 , 20887.2071269 , 0.0962026 , 0.0944503 
 402 , 20936.4748678 , 0.0973838 , 0.0944503 
 403 , 20985.7933118 , 0.0965603 , 0.0944503 
 404 , 21035.1338639 , 0.0992286 , 0.0944503 
 405 , 21084.4518239 , 0.0971995 , 0.0944503 
 406 , 21133.8875949 , 0.0966369 , 0.0944503 
 407 , 21183.3161359 , 0.0953135 , 0.0944503 
 408 , 21232.6090949 , 0.0968989 , 0.0944503 
 409 , 21282.011555 , 0.0959818 , 0.0944503 
 410 , 21331.316824 , 0.0955565 , 0.0944503 
 411 , 21380.7563939 , 0.0977081 , 0.0944503 
 412 , 21430.0685959 , 0.0984201 , 0.0944503 
 413 , 21479.4311688 , 0.0969991 , 0.0944503 
 414 , 21528.7895188 , 0.0946387 , 0.0944503 
 415 , 21578.0829039 , 0.0955773 , 0.0944503 
 416 , 21627.2371619 , 0.0948341 , 0.0944503 
 417 , 21676.5286858 , 0.0980189 , 0.0944503 
 418 , 21725.8427379 , 0.0971168 , 0.0944503 
 419 , 21775.2375419 , 0.0982711 , 0.0944503 
 420 , 21877.73402 , 0.0969033 , 0.096232 
 421 , 21926.9679458 , 0.096274 , 0.096232 
 422 , 21976.3552508 , 0.096818 , 0.096232 
 423 , 22025.6992989 , 0.0959488 , 0.096232 
 424 , 22074.9884489 , 0.096844 , 0.096232 
 425 , 22124.3199399 , 0.0972083 , 0.096232 
 426 , 22173.5472078 , 0.0956859 , 0.096232 
 427 , 22222.7176628 , 0.0959107 , 0.096232 
 428 , 22272.0365798 , 0.097384 , 0.096232 
 429 , 22321.3579719 , 0.0961461 , 0.096232 
 430 , 22370.8297489 , 0.0967332 , 0.096232 
 431 , 22420.2131388 , 0.0954307 , 0.096232 
 432 , 22469.5517218 , 0.0963509 , 0.096232 
 433 , 22518.728549 , 0.0939304 , 0.096232 
 434 , 22568.0733559 , 0.096903 , 0.096232 
 435 , 22617.4049039 , 0.0960582 , 0.096232 
 436 , 22666.73734 , 0.0965603 , 0.096232 
 437 , 22716.1311569 , 0.0960043 , 0.096232 
 438 , 22765.438591 , 0.0946828 , 0.096232 
 439 , 22814.8028049 , 0.0965238 , 0.096232 
 440 , 22917.369767 , 0.0957246 , 0.0942077 
 441 , 22966.6450288 , 0.0960335 , 0.0942077 
 442 , 23015.8901699 , 0.0944677 , 0.0942077 
 443 , 23065.1623738 , 0.096447 , 0.0942077 
 444 , 23114.4520118 , 0.0980001 , 0.0942077 
 445 , 23163.753093 , 0.0978975 , 0.0942077 
 446 , 23212.9998059 , 0.0963066 , 0.0942077 
 447 , 23262.2802799 , 0.0960322 , 0.0942077 
 448 , 23311.484041 , 0.0950633 , 0.0942077 
 449 , 23360.8649669 , 0.0966136 , 0.0942077 
 450 , 23410.1119428 , 0.0948705 , 0.0942077 
 451 , 23459.3719049 , 0.0950791 , 0.0942077 
 452 , 23508.7400749 , 0.0980323 , 0.0942077 
 453 , 23557.8721118 , 0.0948025 , 0.0942077 
 454 , 23607.040653 , 0.0968131 , 0.0942077 
 455 , 23656.1645858 , 0.0954202 , 0.0942077 
 456 , 23705.3887589 , 0.0964692 , 0.0942077 
 457 , 23754.7418978 , 0.0962998 , 0.0942077 
 458 , 23804.0844338 , 0.0955477 , 0.0942077 
 459 , 23853.3928938 , 0.0971551 , 0.0942077 
 460 , 23955.7680819 , 0.0959212 , 0.0941576 
 461 , 24005.0818589 , 0.0960512 , 0.0941576 
 462 , 24054.2506499 , 0.0962574 , 0.0941576 
 463 , 24103.4120169 , 0.0958991 , 0.0941576 
 464 , 24152.5493848 , 0.0963628 , 0.0941576 
 465 , 24201.7351308 , 0.0965173 , 0.0941576 
 466 , 24251.0279908 , 0.0969486 , 0.0941576 
 467 , 24300.4223659 , 0.0941223 , 0.0941576 
 468 , 24349.8752298 , 0.095132 , 0.0941576 
 469 , 24399.0917709 , 0.0961098 , 0.0941576 
 470 , 24448.3286948 , 0.0941232 , 0.0941576 
 471 , 24497.7128148 , 0.0923153 , 0.0941576 
 472 , 24546.9781089 , 0.0944948 , 0.0941576 
 473 , 24596.2553899 , 0.0957003 , 0.0941576 
 474 , 24645.4954538 , 0.096987 , 0.0941576 
 475 , 24694.8459299 , 0.0964781 , 0.0941576 
 476 , 24744.1032398 , 0.0946455 , 0.0941576 
 477 , 24793.429137 , 0.0947424 , 0.0941576 
 478 , 24842.6529779 , 0.0967383 , 0.0941576 
 479 , 24892.165962 , 0.0954764 , 0.0941576 
 480 , 24994.5874348 , 0.096186 , 0.0928571 
 481 , 25043.970438 , 0.0949094 , 0.0928571 
 482 , 25093.2422469 , 0.0970484 , 0.0928571 
 483 , 25142.6214139 , 0.0941917 , 0.0928571 
 484 , 25191.9670379 , 0.0950671 , 0.0928571 
 485 , 25241.349062 , 0.0947753 , 0.0928571 
 486 , 25290.6068828 , 0.0936192 , 0.0928571 
 487 , 25339.9515829 , 0.0949994 , 0.0928571 
 488 , 25389.229774 , 0.0940104 , 0.0928571 
 489 , 25438.3379889 , 0.0937048 , 0.0928571 
 490 , 25487.676878 , 0.0951489 , 0.0928571 
 491 , 25537.076808 , 0.0962794 , 0.0928571 
 492 , 25586.4859438 , 0.0942154 , 0.0928571 
 493 , 25636.0328169 , 0.0945733 , 0.0928571 
 494 , 25685.4232829 , 0.0963548 , 0.0928571 
 495 , 25734.6322708 , 0.0964458 , 0.0928571 
 496 , 25784.0425248 , 0.0952662 , 0.0928571 
 497 , 25833.460032 , 0.09413 , 0.0928571 
 498 , 25882.851372 , 0.0944446 , 0.0928571 
 499 , 25932.1302438 , 0.0957521 , 0.0928571 
 500 , 26034.828285 , 0.0938909 , 0.0923242 
 501 , 26084.0726178 , 0.0949254 , 0.0923242 
 502 , 26133.4915638 , 0.0949479 , 0.0923242 
 503 , 26182.76753 , 0.0959913 , 0.0923242 
 504 , 26232.130157 , 0.0945343 , 0.0923242 
 505 , 26281.5022929 , 0.0947468 , 0.0923242 
 506 , 26330.8130548 , 0.0947127 , 0.0923242 
 507 , 26380.2859139 , 0.0929267 , 0.0923242 
 508 , 26429.6500509 , 0.0947436 , 0.0923242 
 509 , 26479.0682569 , 0.095465 , 0.0923242 
 510 , 26528.6180849 , 0.09502 , 0.0923242 
 511 , 26578.0507448 , 0.0955367 , 0.0923242 
 512 , 26627.3015678 , 0.0949062 , 0.0923242 
 513 , 26676.6160848 , 0.0957522 , 0.0923242 
 514 , 26725.9780078 , 0.0945185 , 0.0923242 
 515 , 26775.3768559 , 0.0924428 , 0.0923242 
 516 , 26824.671721 , 0.0950353 , 0.0923242 
 517 , 26874.3331718 , 0.0937439 , 0.0923242 
 518 , 26923.7561569 , 0.0972632 , 0.0923242 
 519 , 26973.132494 , 0.0933863 , 0.0923242 
 520 , 27075.6423559 , 0.093788 , 0.0929072 
 521 , 27125.1126828 , 0.0957884 , 0.0929072 
 522 , 27174.4462278 , 0.0939336 , 0.0929072 
 523 , 27223.9605839 , 0.0945948 , 0.0929072 
 524 , 27273.2705259 , 0.0939778 , 0.0929072 
 525 , 27322.598254 , 0.0935976 , 0.0929072 
 526 , 27371.908793 , 0.0924152 , 0.0929072 
 527 , 27421.2888079 , 0.0942177 , 0.0929072 
 528 , 27470.7008519 , 0.0930546 , 0.0929072 
 529 , 27520.1162369 , 0.0917056 , 0.0929072 
 530 , 27569.478699 , 0.0958237 , 0.0929072 
 531 , 27618.8089638 , 0.0953686 , 0.0929072 
 532 , 27668.1734159 , 0.095149 , 0.0929072 
 533 , 27717.5529339 , 0.0949834 , 0.0929072 
 534 , 27766.9003768 , 0.0926264 , 0.0929072 
 535 , 27816.503526 , 0.0943517 , 0.0929072 
 536 , 27865.966661 , 0.0929643 , 0.0929072 
 537 , 27915.620425 , 0.0940447 , 0.0929072 
 538 , 27965.0547979 , 0.0937692 , 0.0929072 
 539 , 28014.3563578 , 0.093845 , 0.0929072 
 540 , 28116.96257 , 0.0944984 , 0.0919765 
 541 , 28166.3727248 , 0.0938326 , 0.0919765 
 542 , 28215.6144748 , 0.0941608 , 0.0919765 
 543 , 28264.8111899 , 0.0920407 , 0.0919765 
 544 , 28314.1149018 , 0.0949337 , 0.0919765 
 545 , 28363.5772519 , 0.0936836 , 0.0919765 
 546 , 28412.788276 , 0.0941399 , 0.0919765 
 547 , 28462.123153 , 0.0949615 , 0.0919765 
 548 , 28511.5003688 , 0.0923204 , 0.0919765 
 549 , 28560.8362448 , 0.0931795 , 0.0919765 
 550 , 28610.1665959 , 0.0947874 , 0.0919765 
 551 , 28659.4821298 , 0.0932966 , 0.0919765 
 552 , 28708.8713129 , 0.0941547 , 0.0919765 
 553 , 28758.3766689 , 0.0926668 , 0.0919765 
 554 , 28807.6215599 , 0.090391 , 0.0919765 
 555 , 28857.219816 , 0.092704 , 0.0919765 
 556 , 28906.7845218 , 0.092998 , 0.0919765 
 557 , 28956.38026 , 0.0935563 , 0.0919765 
 558 , 29005.95118 , 0.0916816 , 0.0919765 
 559 , 29060.4812908 , 0.0929458 , 0.0919765 
 560 , 29163.2530959 , 0.0922534 , 0.0921007 
 561 , 29212.8559418 , 0.0951293 , 0.0921007 
 562 , 29262.170321 , 0.0940013 , 0.0921007 
 563 , 29311.5258679 , 0.0940738 , 0.0921007 
 564 , 29360.9543259 , 0.0934829 , 0.0921007 
 565 , 29410.3599379 , 0.0918903 , 0.0921007 
 566 , 29459.8071558 , 0.0928329 , 0.0921007 
 567 , 29509.1751819 , 0.0933191 , 0.0921007 
 568 , 29558.6754508 , 0.0945759 , 0.0921007 
 569 , 29608.2036648 , 0.0946103 , 0.0921007 
 570 , 29657.834831 , 0.0938654 , 0.0921007 
 571 , 29707.5397308 , 0.092329 , 0.0921007 
 572 , 29757.071811 , 0.09304 , 0.0921007 
 573 , 29806.6041129 , 0.0916215 , 0.0921007 
 574 , 29861.0842669 , 0.0933085 , 0.0921007 
 575 , 29910.652967 , 0.0929389 , 0.0921007 
 576 , 29960.3548248 , 0.0937419 , 0.0921007 
 577 , 30009.8051128 , 0.0929806 , 0.0921007 
 578 , 30059.3921659 , 0.0931228 , 0.0921007 
 579 , 30108.9107459 , 0.0934882 , 0.0921007 
 580 , 30216.059515 , 0.0942143 , 0.094178 
 581 , 30265.3963759 , 0.0949715 , 0.094178 
 582 , 30314.799459 , 0.093576 , 0.094178 
 583 , 30364.09338 , 0.0937437 , 0.094178 
 584 , 30413.5549068 , 0.0940892 , 0.094178 
 585 , 30463.0725648 , 0.0934841 , 0.094178 
 586 , 30512.6017628 , 0.0937974 , 0.094178 
 587 , 30562.089448 , 0.0933094 , 0.094178 
 588 , 30611.6440928 , 0.0918082 , 0.094178 
 589 , 30661.1689479 , 0.0926151 , 0.094178 
 590 , 30714.5384378 , 0.09435 , 0.094178 
 591 , 30764.7977788 , 0.0937199 , 0.094178 
 592 , 30814.1518178 , 0.0917413 , 0.094178 
 593 , 30863.4431939 , 0.0938132 , 0.094178 
 594 , 30912.8529568 , 0.0925583 , 0.094178 
 595 , 30962.2972 , 0.0916291 , 0.094178 
 596 , 31011.6844199 , 0.0932113 , 0.094178 
 597 , 31061.0034559 , 0.093449 , 0.094178 
 598 , 31110.266835 , 0.0956664 , 0.094178 
 599 , 31159.5491819 , 0.0930655 , 0.094178 
 600 , 31262.2905989 , 0.0948308 , 0.0924275 
 601 , 31311.8969939 , 0.0921679 , 0.0924275 
 602 , 31361.3084478 , 0.0926851 , 0.0924275 
 603 , 31410.8167109 , 0.0919582 , 0.0924275 
 604 , 31460.3879328 , 0.0924006 , 0.0924275 
 605 , 31509.978441 , 0.0936066 , 0.0924275 
 606 , 31564.4974189 , 0.0923248 , 0.0924275 
 607 , 31613.9079528 , 0.0914201 , 0.0924275 
 608 , 31663.4445889 , 0.0919843 , 0.0924275 
 609 , 31712.9347129 , 0.0942545 , 0.0924275 
 610 , 31762.4769549 , 0.0931989 , 0.0924275 
 611 , 31811.9784098 , 0.0925041 , 0.0924275 
 612 , 31861.5679688 , 0.0934192 , 0.0924275 
 613 , 31911.795789 , 0.0932855 , 0.0924275 
 614 , 31964.5877619 , 0.0915112 , 0.0924275 
 615 , 32013.831003 , 0.0934434 , 0.0924275 
 616 , 32067.9255328 , 0.0928513 , 0.0924275 
 617 , 32117.4192898 , 0.0929489 , 0.0924275 
 618 , 32167.0009799 , 0.0922564 , 0.0924275 
 619 , 32216.7699318 , 0.0922488 , 0.0924275 
 620 , 32323.9341419 , 0.0936388 , 0.0939981 
 621 , 32373.3431499 , 0.0927281 , 0.0939981 
 622 , 32422.6323788 , 0.0944102 , 0.0939981 
 623 , 32472.1092868 , 0.0940718 , 0.0939981 
 624 , 32521.599231 , 0.0926709 , 0.0939981 
 625 , 32570.9388049 , 0.0930042 , 0.0939981 
 626 , 32620.4050229 , 0.0933382 , 0.0939981 
 627 , 32669.778348 , 0.0915007 , 0.0939981 
 628 , 32719.1591189 , 0.0930022 , 0.0939981 
 629 , 32768.4282708 , 0.0910519 , 0.0939981 
 630 , 32817.7814338 , 0.0944551 , 0.0939981 
 631 , 32867.1680238 , 0.0930929 , 0.0939981 
 632 , 32916.4947169 , 0.0929533 , 0.0939981 
 633 , 32965.8067479 , 0.0935916 , 0.0939981 
 634 , 33015.187922 , 0.0926249 , 0.0939981 
 635 , 33064.5937798 , 0.0924799 , 0.0939981 
 636 , 33114.0759749 , 0.0934258 , 0.0939981 
 637 , 33163.3604529 , 0.0928453 , 0.0939981 
 638 , 33212.554842 , 0.0908803 , 0.0939981 
 639 , 33261.899714 , 0.0930525 , 0.0939981 
 640 , 33364.5896869 , 0.0929696 , 0.0912734 
 641 , 33413.954232 , 0.0911792 , 0.0912734 
 642 , 33463.3335419 , 0.0924252 , 0.0912734 
 643 , 33512.77035 , 0.0936803 , 0.0912734 
 644 , 33562.0739319 , 0.0926023 , 0.0912734 
 645 , 33611.31264 , 0.0924807 , 0.0912734 
 646 , 33660.4965899 , 0.0945628 , 0.0912734 
 647 , 33709.8928628 , 0.0928907 , 0.0912734 
 648 , 33759.237577 , 0.0908758 , 0.0912734 
 649 , 33808.7851629 , 0.0919402 , 0.0912734 
 650 , 33858.2362189 , 0.0932964 , 0.0912734 
 651 , 33907.518533 , 0.0911117 , 0.0912734 
 652 , 33957.1244998 , 0.0921234 , 0.0912734 
 653 , 34006.6127748 , 0.0914174 , 0.0912734 
 654 , 34055.9683158 , 0.0944808 , 0.0912734 
 655 , 34105.381928 , 0.0933731 , 0.0912734 
 656 , 34154.779516 , 0.0932735 , 0.0912734 
 657 , 34208.7088988 , 0.0934014 , 0.0912734 
 658 , 34258.1746068 , 0.0932503 , 0.0912734 
 659 , 34307.743999 , 0.0897522 , 0.0912734 
 660 , 34410.368541 , 0.0922401 , 0.0912784 
 661 , 34459.803252 , 0.091197 , 0.0912784 
 662 , 34509.1914718 , 0.0925692 , 0.0912784 
 663 , 34563.5112538 , 0.0942686 , 0.0912784 
 664 , 34612.7366869 , 0.0918943 , 0.0912784 
 665 , 34661.989893 , 0.0912118 , 0.0912784 
 666 , 34711.1891618 , 0.0914114 , 0.0912784 
 667 , 34760.6271329 , 0.0937633 , 0.0912784 
 668 , 34809.8904529 , 0.0920384 , 0.0912784 
 669 , 34859.3175759 , 0.0929896 , 0.0912784 
 670 , 34908.5939 , 0.0926417 , 0.0912784 
 671 , 34957.9438829 , 0.0924437 , 0.0912784 
 672 , 35007.303463 , 0.0907626 , 0.0912784 
 673 , 35056.619947 , 0.0921196 , 0.0912784 
 674 , 35106.0603368 , 0.0922701 , 0.0912784 
 675 , 35155.4620478 , 0.0926316 , 0.0912784 
 676 , 35204.7022588 , 0.0918835 , 0.0912784 
 677 , 35254.1649668 , 0.0915361 , 0.0912784 
 678 , 35303.4154718 , 0.0909629 , 0.0912784 
 679 , 35352.5980899 , 0.0927594 , 0.0912784 
 680 , 35455.167697 , 0.0939474 , 0.0904667 
 681 , 35504.577781 , 0.0922747 , 0.0904667 
 682 , 35554.1500208 , 0.0919614 , 0.0904667 
 683 , 35603.4930999 , 0.0909091 , 0.0904667 
 684 , 35652.943244 , 0.0946737 , 0.0904667 
 685 , 35702.2782748 , 0.0922587 , 0.0904667 
 686 , 35751.848043 , 0.092026 , 0.0904667 
 687 , 35801.2907109 , 0.0917492 , 0.0904667 
 688 , 35850.6873479 , 0.0919823 , 0.0904667 
 689 , 35900.0895209 , 0.0929866 , 0.0904667 
 690 , 35949.5199409 , 0.0928025 , 0.0904667 
 691 , 35999.0537388 , 0.0928879 , 0.0904667 
 692 , 36048.4136939 , 0.0912728 , 0.0904667 
 693 , 36097.8717618 , 0.0922596 , 0.0904667 
 694 , 36147.3646479 , 0.0918533 , 0.0904667 
 695 , 36196.9101498 , 0.0914619 , 0.0904667 
 696 , 36246.329634 , 0.0902432 , 0.0904667 
 697 , 36295.7463179 , 0.0938926 , 0.0904667 
 698 , 36345.4114618 , 0.0921394 , 0.0904667 
 699 , 36394.915447 , 0.0927524 , 0.0904667 
 700 , 36497.4993508 , 0.0915659 , 0.0905671 
 701 , 36547.0219238 , 0.0925965 , 0.0905671 
 702 , 36596.517262 , 0.094377 , 0.0905671 
 703 , 36646.0655179 , 0.0917171 , 0.0905671 
 704 , 36695.5455329 , 0.0919019 , 0.0905671 
 705 , 36745.157192 , 0.0926735 , 0.0905671 
 706 , 36794.6674719 , 0.0919403 , 0.0905671 
 707 , 36844.1744809 , 0.0911457 , 0.0905671 
 708 , 36893.5938339 , 0.0902054 , 0.0905671 
 709 , 36943.2863598 , 0.0935448 , 0.0905671 
 710 , 36992.8103678 , 0.0925389 , 0.0905671 
 711 , 37042.2542219 , 0.0923128 , 0.0905671 
 712 , 37091.6664679 , 0.0925564 , 0.0905671 
 713 , 37141.1039529 , 0.0918796 , 0.0905671 
 714 , 37190.5238869 , 0.091346 , 0.0905671 
 715 , 37239.9024768 , 0.0919437 , 0.0905671 
 716 , 37289.473058 , 0.0915791 , 0.0905671 
 717 , 37338.955971 , 0.0926389 , 0.0905671 
 718 , 37388.311651 , 0.0921897 , 0.0905671 
 719 , 37437.8596468 , 0.0930246 , 0.0905671 
 720 , 37540.5131979 , 0.0920587 , 0.0912575 
 721 , 37590.103853 , 0.0921193 , 0.0912575 
 722 , 37639.5571618 , 0.0912459 , 0.0912575 
 723 , 37689.1042509 , 0.0918135 , 0.0912575 
 724 , 37738.4479089 , 0.0918976 , 0.0912575 
 725 , 37787.9085748 , 0.0918416 , 0.0912575 
 726 , 37837.3652549 , 0.092968 , 0.0912575 
 727 , 37886.7763438 , 0.0924695 , 0.0912575 
 728 , 37936.2069728 , 0.091147 , 0.0912575 
 729 , 37985.5921679 , 0.0915725 , 0.0912575 
 730 , 38034.9120829 , 0.0918205 , 0.0912575 
 731 , 38084.2789738 , 0.0907531 , 0.0912575 
 732 , 38133.7947929 , 0.0926423 , 0.0912575 
 733 , 38183.3291309 , 0.0907985 , 0.0912575 
 734 , 38232.7224679 , 0.0895223 , 0.0912575 
 735 , 38282.2832289 , 0.0925861 , 0.0912575 
 736 , 38331.8960428 , 0.0900966 , 0.0912575 
 737 , 38381.3904219 , 0.0933602 , 0.0912575 
 738 , 38430.9383068 , 0.0909505 , 0.0912575 
 739 , 38480.5072279 , 0.0899984 , 0.0912575 
 740 , 38587.6634519 , 0.0909027 , 0.0927 
 741 , 38637.1708748 , 0.0911619 , 0.0927 
 742 , 38686.5416958 , 0.0913335 , 0.0927 
 743 , 38736.8587618 , 0.0919493 , 0.0927 
 744 , 38786.2036998 , 0.0931036 , 0.0927 
 745 , 38835.6468499 , 0.0927735 , 0.0927 
 746 , 38885.3028858 , 0.0913825 , 0.0927 
 747 , 38934.9570858 , 0.0933453 , 0.0927 
 748 , 38984.556078 , 0.0923019 , 0.0927 
 749 , 39033.961128 , 0.0933828 , 0.0927 
 750 , 39083.4359229 , 0.0906153 , 0.0927 
 751 , 39138.1069689 , 0.0931735 , 0.0927 
 752 , 39187.6834848 , 0.0926387 , 0.0927 
 753 , 39237.105701 , 0.091612 , 0.0927 
 754 , 39286.666538 , 0.0912592 , 0.0927 
 755 , 39336.2075448 , 0.0908279 , 0.0927 
 756 , 39385.6307278 , 0.0922776 , 0.0927 
 757 , 39435.1504178 , 0.0925751 , 0.0927 
 758 , 39484.6371799 , 0.090007 , 0.0927 
 759 , 39534.1571758 , 0.090591 , 0.0927 
 760 , 39636.8593228 , 0.0925971 , 0.0922108 
 761 , 39686.4397099 , 0.0911555 , 0.0922108 
 762 , 39736.0757389 , 0.0913212 , 0.0922108 
 763 , 39785.6125948 , 0.0923164 , 0.0922108 
 764 , 39835.1408458 , 0.0916215 , 0.0922108 
 765 , 39889.5216029 , 0.0918212 , 0.0922108 
 766 , 39938.862191 , 0.092067 , 0.0922108 
 767 , 39988.1207309 , 0.0912511 , 0.0922108 
 768 , 40037.4348779 , 0.0906716 , 0.0922108 
 769 , 40086.9436698 , 0.0907126 , 0.0922108 
 770 , 40136.426219 , 0.0917842 , 0.0922108 
 771 , 40185.9230049 , 0.0899878 , 0.0922108 
 772 , 40235.2105479 , 0.0908661 , 0.0922108 
 773 , 40284.5563018 , 0.0914556 , 0.0922108 
 774 , 40333.8149869 , 0.0911391 , 0.0922108 
 775 , 40383.3285568 , 0.0911523 , 0.0922108 
 776 , 40432.8540459 , 0.091925 , 0.0922108 
 777 , 40482.3616259 , 0.0927138 , 0.0922108 
 778 , 40532.096813 , 0.0924201 , 0.0922108 
 779 , 40581.5871508 , 0.0905517 , 0.0922108 
 780 , 40684.2795908 , 0.0917625 , 0.0907723 
 781 , 40733.9176478 , 0.0894523 , 0.0907723 
 782 , 40783.5131538 , 0.092301 , 0.0907723 
 783 , 40833.1975858 , 0.0917402 , 0.0907723 
 784 , 40882.7235959 , 0.091241 , 0.0907723 
 785 , 40932.4468479 , 0.0909112 , 0.0907723 
 786 , 40982.0388458 , 0.0903044 , 0.0907723 
 787 , 41031.6242628 , 0.0914629 , 0.0907723 
 788 , 41081.4317479 , 0.0895959 , 0.0907723 
 789 , 41136.340055 , 0.0909546 , 0.0907723 
 790 , 41185.781477 , 0.0912217 , 0.0907723 
 791 , 41235.1277959 , 0.0919183 , 0.0907723 
 792 , 41284.5602078 , 0.0925524 , 0.0907723 
 793 , 41333.9666948 , 0.0918809 , 0.0907723 
 794 , 41383.4141698 , 0.0912875 , 0.0907723 
 795 , 41432.9208379 , 0.0901761 , 0.0907723 
 796 , 41482.5484719 , 0.0903115 , 0.0907723 
 797 , 41531.9825249 , 0.0895039 , 0.0907723 
 798 , 41581.4298599 , 0.0901985 , 0.0907723 
 799 , 41630.9041719 , 0.0904802 , 0.0907723 
 800 , 41733.3445778 , 0.0911971 , 0.0913634 
 801 , 41782.5777109 , 0.0899511 , 0.0913634 
 802 , 41831.98594 , 0.0916978 , 0.0913634 
 803 , 41881.5724928 , 0.0899872 , 0.0913634 
 804 , 41930.9921458 , 0.0903978 , 0.0913634 
 805 , 41980.4829519 , 0.091369 , 0.0913634 
 806 , 42029.9509339 , 0.0911335 , 0.0913634 
 807 , 42079.4062338 , 0.0903417 , 0.0913634 
 808 , 42128.8152628 , 0.0910822 , 0.0913634 
 809 , 42178.302382 , 0.0920835 , 0.0913634 
 810 , 42227.878531 , 0.0889957 , 0.0913634 
 811 , 42277.4257379 , 0.0914609 , 0.0913634 
 812 , 42327.1885478 , 0.091201 , 0.0913634 
 813 , 42376.6185429 , 0.0899229 , 0.0913634 
 814 , 42426.189291 , 0.091115 , 0.0913634 
 815 , 42475.504586 , 0.0903021 , 0.0913634 
 816 , 42525.1827109 , 0.0907798 , 0.0913634 
 817 , 42574.6404788 , 0.0922453 , 0.0913634 
 818 , 42624.2993498 , 0.089149 , 0.0913634 
 819 , 42673.7492838 , 0.0905707 , 0.0913634 
 820 , 42776.4206488 , 0.0904503 , 0.0898802 
 821 , 42825.7878458 , 0.0922684 , 0.0898802 
 822 , 42875.22225 , 0.0912446 , 0.0898802 
 823 , 42924.6548479 , 0.0910446 , 0.0898802 
 824 , 42974.2195208 , 0.0906116 , 0.0898802 
 825 , 43023.861434 , 0.0912846 , 0.0898802 
 826 , 43073.3343179 , 0.0919885 , 0.0898802 
 827 , 43122.7980349 , 0.0888203 , 0.0898802 
 828 , 43172.3138189 , 0.0896988 , 0.0898802 
 829 , 43221.7148948 , 0.090031 , 0.0898802 
 830 , 43271.172992 , 0.0889343 , 0.0898802 
 831 , 43320.74155 , 0.0897129 , 0.0898802 
 832 , 43370.1311858 , 0.0902072 , 0.0898802 
 833 , 43419.6770029 , 0.0918008 , 0.0898802 
 834 , 43469.188509 , 0.0909058 , 0.0898802 
 835 , 43518.8471439 , 0.0904428 , 0.0898802 
 836 , 43568.3483078 , 0.0913256 , 0.0898802 
 837 , 43617.8313618 , 0.0895591 , 0.0898802 
 838 , 43667.3100438 , 0.0905895 , 0.0898802 
 839 , 43716.8220119 , 0.0903309 , 0.0898802 
 840 , 43819.5073438 , 0.0907255 , 0.090539 
 841 , 43869.1044819 , 0.0909486 , 0.090539 
 842 , 43918.5515628 , 0.0909845 , 0.090539 
 843 , 43968.3801689 , 0.0897255 , 0.090539 
 844 , 44017.922215 , 0.0903516 , 0.090539 
 845 , 44067.6028278 , 0.0925125 , 0.090539 
 846 , 44117.8055809 , 0.0897372 , 0.090539 
 847 , 44167.3577559 , 0.0908913 , 0.090539 
 848 , 44221.901361 , 0.0922278 , 0.090539 
 849 , 44271.4909179 , 0.0909089 , 0.090539 
 850 , 44320.970644 , 0.0920355 , 0.090539 
 851 , 44370.522651 , 0.0895106 , 0.090539 
 852 , 44420.0211608 , 0.0915196 , 0.090539 
 853 , 44469.4963748 , 0.0910118 , 0.090539 
 854 , 44518.9645469 , 0.0896034 , 0.090539 
 855 , 44568.4580548 , 0.0910788 , 0.090539 
 856 , 44617.962302 , 0.0905896 , 0.090539 
 857 , 44667.4012749 , 0.091227 , 0.090539 
 858 , 44716.8581998 , 0.0903527 , 0.090539 
 859 , 44766.4988039 , 0.0892622 , 0.090539 
 860 , 44869.067451 , 0.0910054 , 0.0901375 
 861 , 44918.3943479 , 0.0905722 , 0.0901375 
 862 , 44967.6852579 , 0.0909026 , 0.0901375 
 863 , 45017.176091 , 0.0896692 , 0.0901375 
 864 , 45066.5090518 , 0.0914735 , 0.0901375 
 865 , 45116.0209708 , 0.0902183 , 0.0901375 
 866 , 45165.499017 , 0.0895893 , 0.0901375 
 867 , 45214.8768589 , 0.0923354 , 0.0901375 
 868 , 45264.3415658 , 0.0921115 , 0.0901375 
 869 , 45313.944557 , 0.0889478 , 0.0901375 
 870 , 45363.3699789 , 0.0909204 , 0.0901375 
 871 , 45412.831064 , 0.0917497 , 0.0901375 
 872 , 45462.2820549 , 0.0903318 , 0.0901375 
 873 , 45511.6207228 , 0.0911874 , 0.0901375 
 874 , 45561.1082909 , 0.0916326 , 0.0901375 
 875 , 45610.6985328 , 0.0894738 , 0.0901375 
 876 , 45660.0103409 , 0.0908049 , 0.0901375 
 877 , 45709.4356818 , 0.0888559 , 0.0901375 
 878 , 45758.9269209 , 0.0888191 , 0.0901375 
 879 , 45808.3653769 , 0.0893742 , 0.0901375 
 880 , 45911.249784 , 0.09166 , 0.0902648 
 881 , 45960.660476 , 0.0893393 , 0.0902648 
 882 , 46010.1961248 , 0.0912503 , 0.0902648 
 883 , 46059.689621 , 0.0922462 , 0.0902648 
 884 , 46109.0666199 , 0.0889916 , 0.0902648 
 885 , 46158.3456178 , 0.0898134 , 0.0902648 
 886 , 46207.7654529 , 0.0886147 , 0.0902648 
 887 , 46257.130909 , 0.0878784 , 0.0902648 
 888 , 46306.3897898 , 0.0907573 , 0.0902648 
 889 , 46355.820349 , 0.0910353 , 0.0902648 
 890 , 46405.1415219 , 0.0896747 , 0.0902648 
 891 , 46454.5401649 , 0.0900312 , 0.0902648 
 892 , 46503.9822419 , 0.091091 , 0.0902648 
 893 , 46553.4034188 , 0.0907505 , 0.0902648 
 894 , 46602.9085989 , 0.0909442 , 0.0902648 
 895 , 46652.1688988 , 0.0897262 , 0.0902648 
 896 , 46701.5614989 , 0.0886625 , 0.0902648 
 897 , 46750.9169409 , 0.0903353 , 0.0902648 
 898 , 46800.4860039 , 0.0904556 , 0.0902648 
 899 , 46850.2210929 , 0.0904591 , 0.0902648 
 900 , 46953.1171868 , 0.0901737 , 0.0907927 
 901 , 47002.6636598 , 0.0904815 , 0.0907927 
 902 , 47052.2352529 , 0.0906363 , 0.0907927 
 903 , 47101.7447438 , 0.0897639 , 0.0907927 
 904 , 47151.250186 , 0.0920601 , 0.0907927 
 905 , 47200.6987808 , 0.0914575 , 0.0907927 
 906 , 47250.1125638 , 0.0908356 , 0.0907927 
 907 , 47299.7001479 , 0.0897628 , 0.0907927 
 908 , 47349.2280738 , 0.0896345 , 0.0907927 
 909 , 47398.6989489 , 0.0902125 , 0.0907927 
 910 , 47448.2114639 , 0.0902804 , 0.0907927 
 911 , 47497.729193 , 0.0915408 , 0.0907927 
 912 , 47547.1731489 , 0.090613 , 0.0907927 
 913 , 47596.6990788 , 0.0916123 , 0.0907927 
 914 , 47646.1795418 , 0.0885474 , 0.0907927 
 915 , 47695.7791259 , 0.0922529 , 0.0907927 
 916 , 47745.2281659 , 0.0911312 , 0.0907927 
 917 , 47794.6938529 , 0.0922046 , 0.0907927 
 918 , 47844.2732899 , 0.0903123 , 0.0907927 
 919 , 47894.0251508 , 0.0898577 , 0.0907927 
 920 , 47996.945298 , 0.0895415 , 0.0916629 
 921 , 48046.469517 , 0.0890903 , 0.0916629 
 922 , 48095.9220159 , 0.090893 , 0.0916629 
 923 , 48145.5436609 , 0.0910808 , 0.0916629 
 924 , 48195.1697898 , 0.0883469 , 0.0916629 
 925 , 48244.6968498 , 0.0913483 , 0.0916629 
 926 , 48294.2690568 , 0.0916205 , 0.0916629 
 927 , 48343.739502 , 0.0888175 , 0.0916629 
 928 , 48393.2340429 , 0.0888533 , 0.0916629 
 929 , 48442.8489189 , 0.0901397 , 0.0916629 
 930 , 48492.3741739 , 0.0901913 , 0.0916629 
 931 , 48542.0992188 , 0.0904485 , 0.0916629 
 932 , 48591.6357489 , 0.0900968 , 0.0916629 
 933 , 48641.2776928 , 0.0889854 , 0.0916629 
 934 , 48691.043227 , 0.0891962 , 0.0916629 
 935 , 48740.7364988 , 0.0895398 , 0.0916629 
 936 , 48790.3031328 , 0.0880966 , 0.0916629 
 937 , 48839.9006398 , 0.0893933 , 0.0916629 
 938 , 48894.488745 , 0.0889284 , 0.0916629 
 939 , 48943.9144468 , 0.0895418 , 0.0916629 
 940 , 49046.5597219 , 0.0907527 , 0.0898412 
 941 , 49096.0772779 , 0.0898304 , 0.0898412 
 942 , 49145.519697 , 0.0905722 , 0.0898412 
 943 , 49194.8908439 , 0.0897596 , 0.0898412 
 944 , 49244.294719 , 0.0878222 , 0.0898412 
 945 , 49293.6879239 , 0.0886923 , 0.0898412 
 946 , 49343.1124849 , 0.0902049 , 0.0898412 
 947 , 49392.6413219 , 0.0894021 , 0.0898412 
 948 , 49442.0747569 , 0.0914956 , 0.0898412 
 949 , 49491.5504818 , 0.0893899 , 0.0898412 
 950 , 49541.2152808 , 0.0899477 , 0.0898412 
 951 , 49590.5795078 , 0.0908105 , 0.0898412 
 952 , 49639.9592369 , 0.0899017 , 0.0898412 
 953 , 49689.3547549 , 0.0904952 , 0.0898412 
 954 , 49738.8146749 , 0.0898943 , 0.0898412 
 955 , 49788.1683609 , 0.0884837 , 0.0898412 
 956 , 49837.4832568 , 0.0888167 , 0.0898412 
 957 , 49886.9953439 , 0.0896729 , 0.0898412 
 958 , 49936.4913859 , 0.0893834 , 0.0898412 
 959 , 49985.9768009 , 0.0889826 , 0.0898412 
 960 , 50088.770968 , 0.0915514 , 0.0916622 
 961 , 50138.5018859 , 0.0912499 , 0.0916622 
 962 , 50188.1681638 , 0.0902292 , 0.0916622 
 963 , 50237.7979188 , 0.0905451 , 0.0916622 
 964 , 50287.4243398 , 0.0899907 , 0.0916622 
 965 , 50336.9669249 , 0.0897101 , 0.0916622 
 966 , 50391.3295128 , 0.0884006 , 0.0916622 
 967 , 50440.985554 , 0.0909671 , 0.0916622 
 968 , 50490.5078559 , 0.0905346 , 0.0916622 
 969 , 50540.1009269 , 0.0910766 , 0.0916622 
 970 , 50589.6004269 , 0.0900564 , 0.0916622 
 971 , 50639.115413 , 0.0890271 , 0.0916622 
 972 , 50688.6622579 , 0.0895639 , 0.0916622 
 973 , 50738.272157 , 0.0893556 , 0.0916622 
 974 , 50787.7629318 , 0.0892145 , 0.0916622 
 975 , 50837.3020809 , 0.08961 , 0.0916622 
 976 , 50886.8257289 , 0.090318 , 0.0916622 
 977 , 50936.4933538 , 0.0893528 , 0.0916622 
 978 , 50986.0291319 , 0.0901126 , 0.0916622 
 979 , 51035.8025239 , 0.0899784 , 0.0916622 
 980 , 51138.4728918 , 0.0903818 , 0.0904823 
 981 , 51187.8837678 , 0.0903166 , 0.0904823 
 982 , 51237.4007199 , 0.0873301 , 0.0904823 
 983 , 51286.9178929 , 0.0908184 , 0.0904823 
 984 , 51336.9090879 , 0.0908797 , 0.0904823 
 985 , 51386.2108488 , 0.088994 , 0.0904823 
 986 , 51435.6181359 , 0.0888259 , 0.0904823 
 987 , 51485.0616119 , 0.0891647 , 0.0904823 
 988 , 51534.5515878 , 0.0889172 , 0.0904823 
 989 , 51583.9643388 , 0.0897307 , 0.0904823 
 990 , 51633.379746 , 0.0887574 , 0.0904823 
 991 , 51682.8444288 , 0.090493 , 0.0904823 
 992 , 51732.237325 , 0.0889584 , 0.0904823 
 993 , 51781.7450109 , 0.0901175 , 0.0904823 
 994 , 51831.190094 , 0.0884961 , 0.0904823 
 995 , 51880.5780878 , 0.0897136 , 0.0904823 
 996 , 51930.0848629 , 0.0898625 , 0.0904823 
 997 , 51979.4190669 , 0.0903919 , 0.0904823 
 998 , 52028.8126948 , 0.0879722 , 0.0904823 
 999 , 52078.2802098 , 0.0904717 , 0.0904823 
 1000 , 52179.7908659 , 0.0898126 , 0.0897367 
