 5 , 334.983077049 , 0.136199 , 0.13323 
 10 , 614.968251944 , 0.129825 , 0.127815 
 15 , 866.739402056 , 0.123831 , 0.119612 
 20 , 1130.35258913 , 0.121026 , 0.114945 
 25 , 1383.66761398 , 0.118492 , 0.113253 
 30 , 1636.1858151 , 0.11575 , 0.111733 
 35 , 1888.73681307 , 0.115342 , 0.110112 
 40 , 2140.79431295 , 0.113923 , 0.109306 
 45 , 2406.36727595 , 0.11261 , 0.108131 
 50 , 2658.71193194 , 0.115026 , 0.106977 
 55 , 2957.97111106 , 0.111863 , 0.106993 
 60 , 3225.26748896 , 0.110037 , 0.106929 
 65 , 3477.67201304 , 0.111452 , 0.105758 
 70 , 3730.06771898 , 0.111114 , 0.10478 
 75 , 3984.15432096 , 0.10998 , 0.105862 
 80 , 4243.051368 , 0.110396 , 0.105174 
 85 , 4495.23566508 , 0.108106 , 0.103393 
 90 , 4757.95964313 , 0.109042 , 0.104013 
 95 , 5010.76339698 , 0.107545 , 0.102797 
 100 , 5263.84595203 , 0.108677 , 0.102654 
 105 , 5517.65743589 , 0.10693 , 0.102056 
 110 , 5770.11596394 , 0.107788 , 0.101984 
 115 , 6066.63548613 , 0.10683 , 0.102211 
 120 , 6324.15509892 , 0.108175 , 0.102164 
 125 , 6596.60648704 , 0.106358 , 0.101535 
 130 , 6849.0232749 , 0.105842 , 0.101276 
 135 , 7101.88375497 , 0.106249 , 0.100452 
 140 , 7355.25762296 , 0.105753 , 0.0999479 
 145 , 7608.37741494 , 0.106236 , 0.10143 
 150 , 7861.11112094 , 0.105981 , 0.102228 
 155 , 8112.76227713 , 0.104163 , 0.100204 
 160 , 8375.49221492 , 0.105565 , 0.0995017 
 165 , 8630.01371002 , 0.103848 , 0.0998404 
 170 , 8883.51073003 , 0.103803 , 0.0998854 
 175 , 9136.70300293 , 0.105167 , 0.0990987 
 180 , 9400.61283207 , 0.10447 , 0.0997829 
 185 , 9672.85146093 , 0.103872 , 0.0984372 
 190 , 9941.72435403 , 0.104933 , 0.099276 
 195 , 10193.558929 , 0.1027 , 0.0988531 
 200 , 10446.0180721 , 0.103871 , 0.0985687 
 205 , 10698.4792869 , 0.102765 , 0.099481 
 210 , 10951.1489251 , 0.103553 , 0.099567 
 215 , 11203.787683 , 0.104082 , 0.0977696 
 220 , 11457.046128 , 0.103392 , 0.0977342 
 225 , 11709.089762 , 0.102156 , 0.0977635 
 230 , 11962.2299731 , 0.102273 , 0.098182 
 235 , 12215.1636381 , 0.103171 , 0.0973945 
 240 , 12468.1911261 , 0.102707 , 0.0988749 
 245 , 12721.7153921 , 0.101766 , 0.0974384 
 250 , 12974.6674261 , 0.101092 , 0.0975776 
 255 , 13233.8405831 , 0.10298 , 0.0986502 
 260 , 13485.5221829 , 0.102947 , 0.0984736 
 265 , 13748.942462 , 0.101319 , 0.0979648 
 270 , 14001.572804 , 0.101314 , 0.0984608 
 275 , 14253.9140351 , 0.101257 , 0.0975943 
 280 , 14506.8251569 , 0.102722 , 0.0976039 
 285 , 14760.0528951 , 0.102723 , 0.0974851 
 290 , 15012.4561729 , 0.0999869 , 0.0974477 
 295 , 15264.769537 , 0.100777 , 0.0973557 
 300 , 15517.9943881 , 0.102569 , 0.0967367 
 305 , 15771.4361131 , 0.10034 , 0.097663 
 310 , 16023.460463 , 0.100902 , 0.09553 
 315 , 16275.814888 , 0.102386 , 0.0963038 
 320 , 16528.875577 , 0.101074 , 0.0963675 
 325 , 16829.6826441 , 0.101653 , 0.0963205 
 330 , 17093.2581201 , 0.101089 , 0.0956822 
 335 , 17345.826942 , 0.10179 , 0.0968931 
 340 , 17597.9976671 , 0.100416 , 0.096513 
 345 , 17850.664422 , 0.0996537 , 0.0957618 
 350 , 18102.576932 , 0.100546 , 0.0952598 
 355 , 18355.0211911 , 0.100722 , 0.0958677 
 360 , 18608.3681681 , 0.100126 , 0.0968212 
 365 , 18860.654166 , 0.09923 , 0.095294 
 370 , 19114.335597 , 0.10044 , 0.0954036 
 375 , 19368.4447479 , 0.100125 , 0.0958612 
 380 , 19621.86954 , 0.100673 , 0.0960666 
 385 , 19875.123503 , 0.100606 , 0.0948372 
 390 , 20128.4415679 , 0.100361 , 0.0949174 
 395 , 20395.373136 , 0.0990454 , 0.0951769 
 400 , 20648.6105671 , 0.101348 , 0.0949877 
 405 , 20925.9607069 , 0.100252 , 0.0952473 
 410 , 21180.0443301 , 0.0989224 , 0.0946131 
 415 , 21432.2277231 , 0.100385 , 0.0942472 
 420 , 21687.2963159 , 0.0992592 , 0.0952368 
 425 , 21940.1268179 , 0.0999624 , 0.0953369 
 430 , 22194.204015 , 0.098687 , 0.0942113 
 435 , 22448.4319971 , 0.0999332 , 0.0946707 
 440 , 22701.8721581 , 0.0988155 , 0.0941172 
 445 , 22955.6781151 , 0.0996788 , 0.0945075 
 450 , 23209.2239301 , 0.0988411 , 0.0956808 
 455 , 23463.5804679 , 0.100465 , 0.094306 
 460 , 23716.7642889 , 0.100884 , 0.09408 
 465 , 24011.1371131 , 0.0999737 , 0.0947584 
 470 , 24265.6211009 , 0.0995592 , 0.093989 
 475 , 24565.162045 , 0.0998345 , 0.094295 
 480 , 24814.4077721 , 0.0984 , 0.0946318 
 5 , 468.758111 , 0.230135 , 0.225756 
 10 , 848.401046038 , 0.224013 , 0.225756 
 15 , 1142.80896401 , 0.227361 , 0.225756 
 20 , 1395.83755207 , 0.22374 , 0.225756 
 25 , 1659.77982116 , 0.225422 , 0.225756 
 30 , 1911.90202594 , 0.223063 , 0.225756 
 5 , 348.098279953 , 0.169969 , 0.168795 
 10 , 609.909415007 , 0.167174 , 0.166651 
 15 , 862.313111067 , 0.16638 , 0.16386 
 20 , 1112.99749398 , 0.165519 , 0.162569 
 25 , 1388.73246598 , 0.162608 , 0.163642 
 30 , 1703.37842011 , 0.163709 , 0.162316 
 35 , 1994.31343198 , 0.160067 , 0.162085 
 40 , 2304.94742298 , 0.163484 , 0.161147 
 45 , 2565.86342311 , 0.164644 , 0.16117 
 50 , 2817.9811511 , 0.161514 , 0.161035 
 55 , 3070.22216105 , 0.161643 , 0.160457 
 60 , 3349.82106709 , 0.166049 , 0.160362 
 65 , 3611.93359804 , 0.163085 , 0.160462 
 70 , 3881.18981409 , 0.157917 , 0.160284 
 75 , 4135.1908021 , 0.16052 , 0.160224 
 80 , 4388.19335103 , 0.158262 , 0.160255 
 85 , 4648.41317201 , 0.162845 , 0.160358 
 90 , 4909.70531416 , 0.163567 , 0.16021 
 95 , 5161.33193398 , 0.157808 , 0.160146 
 100 , 5413.51733899 , 0.160501 , 0.160083 
 105 , 5676.430372 , 0.16384 , 0.160184 
 110 , 5928.03483105 , 0.15865 , 0.160177 
 115 , 6179.73727417 , 0.160608 , 0.16009 
 120 , 6431.51529408 , 0.158748 , 0.160032 
 125 , 6683.04697609 , 0.163901 , 0.15999 
 130 , 6963.38454103 , 0.162369 , 0.159958 
 135 , 7214.56364703 , 0.158233 , 0.159942 
 140 , 7508.67512703 , 0.159754 , 0.159921 
 145 , 7815.41529202 , 0.159946 , 0.16011 
 150 , 8064.539258 , 0.160559 , 0.160027 
 155 , 8313.39935899 , 0.162681 , 0.159875 
 160 , 8562.17439604 , 0.160624 , 0.160226 
 165 , 8810.737746 , 0.157798 , 0.15984 
 170 , 9060.76767397 , 0.160827 , 0.160095 
 175 , 9319.2792201 , 0.158511 , 0.160343 
 180 , 9568.18030095 , 0.158393 , 0.159794 
 185 , 9817.45294905 , 0.160539 , 0.159814 
 190 , 10067.0141051 , 0.157998 , 0.159722 
 195 , 10316.452755 , 0.160174 , 0.159876 
 200 , 10592.2933462 , 0.161208 , 0.159733 
 205 , 10841.3885641 , 0.160092 , 0.159857 
 210 , 11173.58359 , 0.160254 , 0.159788 
 215 , 11424.781827 , 0.157978 , 0.159718 
 220 , 11673.869283 , 0.156954 , 0.159698 
 225 , 11921.8803411 , 0.159786 , 0.159693 
 230 , 12171.1005971 , 0.160231 , 0.159775 
 235 , 12420.0674272 , 0.161602 , 0.159593 
 240 , 12667.5596449 , 0.156562 , 0.159779 
 245 , 12921.307821 , 0.159361 , 0.15975 
 250 , 13169.624819 , 0.159749 , 0.159652 
 255 , 13424.84851 , 0.159331 , 0.159713 
 260 , 13673.3445802 , 0.160408 , 0.159749 
 265 , 13922.093642 , 0.160637 , 0.159655 
 270 , 14176.391151 , 0.162897 , 0.159589 
 275 , 14424.3554571 , 0.157616 , 0.159563 
 280 , 14697.438555 , 0.159592 , 0.159946 
 285 , 14946.3700612 , 0.158707 , 0.159548 
 290 , 15194.4996111 , 0.159586 , 0.159556 
 295 , 15443.7846251 , 0.160571 , 0.16027 
 300 , 15692.550576 , 0.156926 , 0.159551 
 305 , 15942.202986 , 0.162816 , 0.159646 
 310 , 16191.039881 , 0.160269 , 0.160023 
 315 , 16440.3293011 , 0.160859 , 0.159582 
 320 , 16689.4212451 , 0.164318 , 0.159551 
 325 , 16938.7347569 , 0.158678 , 0.159462 
 330 , 17187.908406 , 0.159954 , 0.159429 
 335 , 17436.7000461 , 0.160833 , 0.159529 
 340 , 17694.7806032 , 0.159462 , 0.159391 
 345 , 17945.4184651 , 0.159801 , 0.159507 
 350 , 18214.3913381 , 0.15645 , 0.159467 
 355 , 18466.6370521 , 0.160645 , 0.159456 
 360 , 18715.5232201 , 0.158692 , 0.159375 
 365 , 18966.9550171 , 0.160369 , 0.159501 
 370 , 19218.2299581 , 0.161657 , 0.159337 
 375 , 19469.0790172 , 0.158363 , 0.159488 
 380 , 19723.64605 , 0.157172 , 0.159393 
 385 , 19981.3683751 , 0.156905 , 0.159658 
 390 , 20230.6245201 , 0.159598 , 0.159462 
 395 , 20479.7066791 , 0.161466 , 0.159419 
 400 , 20729.623306 , 0.159961 , 0.159749 
 405 , 20979.154336 , 0.161027 , 0.159312 
 410 , 21234.6742191 , 0.160039 , 0.15932 
 415 , 21482.784307 , 0.157973 , 0.159345 
 420 , 21745.9731011 , 0.155139 , 0.159379 
 425 , 21994.9094911 , 0.159393 , 0.159345 
 430 , 22243.06391 , 0.157897 , 0.159217 
 435 , 22492.4780312 , 0.157725 , 0.159267 
 440 , 22741.0128372 , 0.160345 , 0.159427 
 445 , 22989.4937479 , 0.157781 , 0.159274 
 450 , 23238.424469 , 0.161396 , 0.15927 
 455 , 23488.7247651 , 0.157551 , 0.159423 
 460 , 23736.928745 , 0.15767 , 0.159316 
 465 , 23985.4118152 , 0.161763 , 0.159332 
 470 , 24234.3719561 , 0.157082 , 0.159201 
 475 , 24483.1449339 , 0.160632 , 0.15918 
 480 , 24729.1430311 , 0.159306 , 0.159657 
