#wRandFlip 
#The training is running for 1000 chunks, each with 1008 images. That are about 17 epochs. The validation sample contains 3078 images. 
#round  ,time, mean_train_loss , mean_valid_loss 
#  starting learning rate to 0.020000 
 1 , 51.0845229626 , 0.363765 , 0.0 
 2 , 83.422424078 , 0.394036 , 0.0 
 3 , 116.66998601 , 0.394621 , 0.0 
 4 , 158.254683018 , 0.386367 , 0.0 
#Free GPU Mem after validation step 196.0625 MiB 
 5 , 242.268399954 , 0.404554 , 0.0 
 6 , 273.165893078 , 0.386781 , 0.0 
 7 , 304.070643902 , 0.393652 , 0.397759 
 8 , 334.964880943 , 0.397342 , 0.397759 
 9 , 366.444628 , 0.397367 , 0.397759 
 10 , 455.938132048 , 0.407588 , 0.396908 
 11 , 487.175370932 , 0.405041 , 0.396908 
 12 , 518.431177855 , 0.401188 , 0.396908 
 13 , 549.607910872 , 0.386503 , 0.396908 
 14 , 580.854991913 , 0.379726 , 0.396908 
 15 , 665.415348053 , 0.387699 , 0.389316 
 16 , 696.674916983 , 0.396352 , 0.389316 
 17 , 727.925200939 , 0.390434 , 0.389316 
 18 , 759.198940039 , 0.385668 , 0.389316 
 19 , 790.426795006 , 0.387033 , 0.389316 
 20 , 875.15831995 , 0.397682 , 0.396155 
 21 , 906.360992908 , 0.391822 , 0.396155 
 22 , 937.632380009 , 0.406472 , 0.396155 
 23 , 968.889476061 , 0.384614 , 0.396155 
 24 , 1000.19699001 , 0.38843 , 0.396155 
 25 , 1084.78882408 , 0.392863 , 0.400187 
 26 , 1115.96321201 , 0.389594 , 0.400187 
 27 , 1147.09058905 , 0.396072 , 0.400187 
 28 , 1178.29607296 , 0.394506 , 0.400187 
 29 , 1209.50172997 , 0.388005 , 0.400187 
 30 , 1293.99004292 , 0.398645 , 0.39758 
 31 , 1325.27522588 , 0.388578 , 0.39758 
 32 , 1356.49550986 , 0.394842 , 0.39758 
 33 , 1387.69646597 , 0.397599 , 0.39758 
 34 , 1418.975178 , 0.400229 , 0.39758 
 35 , 1503.61739492 , 0.39867 , 0.398555 
 36 , 1534.86925697 , 0.400222 , 0.398555 
 37 , 1566.01978588 , 0.394264 , 0.398555 
 38 , 1597.23402691 , 0.395177 , 0.398555 
 39 , 1628.53541303 , 0.396162 , 0.398555 
 40 , 1713.03410196 , 0.39545 , 0.396665 
 41 , 1744.33369303 , 0.405653 , 0.396665 
 42 , 1775.54306698 , 0.381398 , 0.396665 
 43 , 1806.75733685 , 0.396422 , 0.396665 
 44 , 1838.08146191 , 0.393134 , 0.396665 
 45 , 1922.68635201 , 0.385484 , 0.391447 
 46 , 1953.98252487 , 0.378369 , 0.391447 
 47 , 1985.27495289 , 0.384355 , 0.391447 
 48 , 2016.55371189 , 0.444175 , 0.391447 
 49 , 2047.82780194 , 0.400545 , 0.391447 
 50 , 2132.4029429 , 0.447113 , 0.452412 
 51 , 2163.68105197 , 0.435359 , 0.452412 
 52 , 2194.91532493 , 0.427763 , 0.452412 
 53 , 2226.12967205 , 0.420164 , 0.452412 
 54 , 2257.41608095 , 0.40882 , 0.452412 
 55 , 2341.93083787 , 0.400923 , 0.408733 
 56 , 2373.17641306 , 0.400805 , 0.408733 
 57 , 2404.37849498 , 0.415739 , 0.408733 
 58 , 2435.59299302 , 0.404601 , 0.408733 
 59 , 2466.87222791 , 0.406928 , 0.408733 
 60 , 2551.34199405 , 0.397677 , 0.395615 
 61 , 2582.57116103 , 0.402398 , 0.395615 
 62 , 2613.87300205 , 0.405419 , 0.395615 
 63 , 2645.14803195 , 0.405541 , 0.395615 
 64 , 2676.38719702 , 0.400883 , 0.395615 
 65 , 2760.98530293 , 0.396643 , 0.398217 
 66 , 2796.5742569 , 0.398029 , 0.398217 
 67 , 2827.40803099 , 0.400402 , 0.398217 
 68 , 2858.24600291 , 0.392929 , 0.398217 
 69 , 2889.03602695 , 0.402087 , 0.398217 
 70 , 2972.60679698 , 0.401085 , 0.388742 
 71 , 3003.43378496 , 0.392427 , 0.388742 
 72 , 3034.24540687 , 0.38485 , 0.388742 
 73 , 3065.00016999 , 0.388809 , 0.388742 
 74 , 3095.81295204 , 0.40744 , 0.388742 
 75 , 3179.25322485 , 0.387568 , 0.385843 
 76 , 3210.05490899 , 0.387468 , 0.385843 
 77 , 3240.84664702 , 0.389388 , 0.385843 
 78 , 3271.64771008 , 0.38269 , 0.385843 
 79 , 3303.09685206 , 0.392269 , 0.385843 
 80 , 3386.74432993 , 0.385974 , 0.393861 
 81 , 3417.64844799 , 0.392117 , 0.393861 
 82 , 3448.52663708 , 0.398506 , 0.393861 
 83 , 3479.42872095 , 0.382405 , 0.393861 
 84 , 3510.25149608 , 0.383556 , 0.393861 
 85 , 3593.82837701 , 0.386401 , 0.393042 
 86 , 3624.57246208 , 0.397209 , 0.393042 
 87 , 3655.30959105 , 0.38562 , 0.393042 
 88 , 3686.35134196 , 0.388403 , 0.393042 
 89 , 3717.16789603 , 0.396806 , 0.393042 
 90 , 3800.71034694 , 0.380354 , 0.391638 
 91 , 3831.60089397 , 0.415817 , 0.391638 
 92 , 3863.07828689 , 0.432377 , 0.391638 
 93 , 3898.09903097 , 0.430694 , 0.391638 
 94 , 3929.23218298 , 0.430702 , 0.391638 
 95 , 4013.71844602 , 0.42569 , 0.422509 
 96 , 4044.96078801 , 0.414462 , 0.422509 
 97 , 4076.11408186 , 0.420424 , 0.422509 
 98 , 4107.40235305 , 0.412984 , 0.422509 
 99 , 4138.61603904 , 0.418392 , 0.422509 
 100 , 4223.14884996 , 0.420611 , 0.413888 
 101 , 4254.45225501 , 0.409746 , 0.413888 
 102 , 4285.55948687 , 0.403736 , 0.413888 
 103 , 4316.75441694 , 0.413462 , 0.413888 
 104 , 4347.94397402 , 0.417703 , 0.413888 
 105 , 4432.46959186 , 0.416385 , 0.407606 
 106 , 4463.68433785 , 0.403541 , 0.407606 
 107 , 4494.92565107 , 0.410403 , 0.407606 
 108 , 4526.0134809 , 0.404159 , 0.407606 
 109 , 4557.33313608 , 0.403654 , 0.407606 
 110 , 4641.89715695 , 0.410899 , 0.406274 
 111 , 4673.09341502 , 0.4064 , 0.406274 
 112 , 4704.3388629 , 0.404303 , 0.406274 
 113 , 4735.62854195 , 0.398669 , 0.406274 
 114 , 4766.93863893 , 0.395473 , 0.406274 
 115 , 4851.59855199 , 0.388289 , 0.39043 
 116 , 4882.74869204 , 0.387278 , 0.39043 
 117 , 4914.00571895 , 0.382649 , 0.39043 
 118 , 4945.25677991 , 0.386758 , 0.39043 
 119 , 4976.55177093 , 0.392239 , 0.39043 
 120 , 5061.14083505 , 0.388672 , 0.393686 
 121 , 5092.39714599 , 0.396078 , 0.393686 
 122 , 5123.70318699 , 0.392877 , 0.393686 
 123 , 5154.92891002 , 0.387494 , 0.393686 
 124 , 5186.07157302 , 0.39027 , 0.393686 
 125 , 5270.60610294 , 0.384404 , 0.389419 
 126 , 5301.94292307 , 0.384133 , 0.389419 
 127 , 5333.10065508 , 0.393035 , 0.389419 
 128 , 5364.33930087 , 0.394818 , 0.389419 
 129 , 5395.5673399 , 0.388919 , 0.389419 
 130 , 5480.49084687 , 0.39284 , 0.391565 
 131 , 5511.73442101 , 0.386876 , 0.391565 
 132 , 5542.89643288 , 0.39437 , 0.391565 
 133 , 5574.13519287 , 0.388348 , 0.391565 
 134 , 5605.35729289 , 0.378879 , 0.391565 
 135 , 5689.89506507 , 0.382198 , 0.38903 
 136 , 5721.146276 , 0.38911 , 0.38903 
 137 , 5752.39591002 , 0.383057 , 0.38903 
 138 , 5783.59096003 , 0.409193 , 0.38903 
 139 , 5814.82355785 , 0.400844 , 0.38903 
 140 , 5899.50991702 , 0.411109 , 0.407321 
 141 , 5930.82508707 , 0.398241 , 0.407321 
 142 , 5962.05058002 , 0.40773 , 0.407321 
 143 , 5993.16141105 , 0.398526 , 0.407321 
 144 , 6024.35906792 , 0.404693 , 0.407321 
 145 , 6108.96194291 , 0.395766 , 0.404729 
 146 , 6140.2435019 , 0.396003 , 0.404729 
 147 , 6171.504848 , 0.406185 , 0.404729 
 148 , 6202.68696904 , 0.391816 , 0.404729 
 149 , 6233.91301799 , 0.395634 , 0.404729 
 150 , 6318.49125886 , 0.39725 , 0.402316 
 151 , 6349.72548389 , 0.39799 , 0.402316 
 152 , 6380.94823503 , 0.400613 , 0.402316 
 153 , 6412.18963194 , 0.398621 , 0.402316 
 154 , 6443.429811 , 0.404458 , 0.402316 
 155 , 6528.06301498 , 0.398422 , 0.400053 
 156 , 6559.33850193 , 0.389812 , 0.400053 
 157 , 6590.58971691 , 0.393948 , 0.400053 
 158 , 6621.8329339 , 0.388869 , 0.400053 
 159 , 6652.99911785 , 0.390908 , 0.400053 
 160 , 6737.75448298 , 0.389395 , 0.398336 
 161 , 6768.94706297 , 0.391422 , 0.398336 
 162 , 6800.04214191 , 0.409534 , 0.398336 
 163 , 6831.24825501 , 0.389504 , 0.398336 
 164 , 6862.36706591 , 0.389644 , 0.398336 
 165 , 6946.95233893 , 0.395895 , 0.391001 
 166 , 6978.22366405 , 0.392006 , 0.391001 
 167 , 7009.43256402 , 0.39461 , 0.391001 
 168 , 7040.55999994 , 0.388574 , 0.391001 
 169 , 7071.83150506 , 0.399258 , 0.391001 
 170 , 7156.54664493 , 0.390573 , 0.395899 
 171 , 7187.88757086 , 0.38701 , 0.395899 
 172 , 7219.1666739 , 0.392157 , 0.395899 
 173 , 7250.41384006 , 0.392591 , 0.395899 
 174 , 7281.77423191 , 0.387483 , 0.395899 
 175 , 7366.35640597 , 0.386301 , 0.395449 
 176 , 7397.56814408 , 0.389591 , 0.395449 
 177 , 7428.79478288 , 0.38818 , 0.395449 
 178 , 7460.03411102 , 0.38875 , 0.395449 
 179 , 7491.27434492 , 0.394295 , 0.395449 
 180 , 7575.86361694 , 0.397911 , 0.395046 
 181 , 7607.21554804 , 0.390521 , 0.395046 
 182 , 7638.76127386 , 0.395825 , 0.395046 
 183 , 7669.85061789 , 0.403943 , 0.395046 
 184 , 7700.72424293 , 0.389254 , 0.395046 
 185 , 7786.37012696 , 0.386443 , 0.394234 
 186 , 7817.72417808 , 0.389998 , 0.394234 
 187 , 7853.72989798 , 0.386067 , 0.394234 
 188 , 7884.50414085 , 0.39244 , 0.394234 
 189 , 7915.29413486 , 0.394714 , 0.394234 
 190 , 7998.713907 , 0.395304 , 0.393764 
 191 , 8029.48166108 , 0.393077 , 0.393764 
 192 , 8060.3201859 , 0.410637 , 0.393764 
 193 , 8091.15331101 , 0.405765 , 0.393764 
 194 , 8121.89274907 , 0.406857 , 0.393764 
 195 , 8205.28410602 , 0.403557 , 0.415922 
 196 , 8236.05098486 , 0.406813 , 0.415922 
 197 , 8266.83668303 , 0.412462 , 0.415922 
 198 , 8297.6605649 , 0.412067 , 0.415922 
 199 , 8328.48091602 , 0.413221 , 0.415922 
 200 , 8411.98990703 , 0.40746 , 0.412771 
 201 , 8442.83325505 , 0.40518 , 0.412771 
 202 , 8473.6786449 , 0.406868 , 0.412771 
 203 , 8504.48351288 , 0.403202 , 0.412771 
 204 , 8535.26337194 , 0.409296 , 0.412771 
 205 , 8618.72236109 , 0.402623 , 0.406555 
 206 , 8649.46590686 , 0.403903 , 0.406555 
 207 , 8680.20044208 , 0.410244 , 0.406555 
 208 , 8710.98124099 , 0.415715 , 0.406555 
 209 , 8741.79163885 , 0.400137 , 0.406555 
 210 , 8825.27960396 , 0.406538 , 0.403725 
 211 , 8856.09796786 , 0.398887 , 0.403725 
 212 , 8886.92353296 , 0.399405 , 0.403725 
 213 , 8917.71986294 , 0.400059 , 0.403725 
 214 , 8948.52429986 , 0.405137 , 0.403725 
 215 , 9032.11698103 , 0.403968 , 0.402966 
 216 , 9063.07174897 , 0.406317 , 0.402966 
 217 , 9093.89503789 , 0.404152 , 0.402966 
 218 , 9124.71905589 , 0.40213 , 0.402966 
 219 , 9155.504421 , 0.397454 , 0.402966 
 220 , 9238.98797703 , 0.403428 , 0.400898 
 221 , 9269.72132802 , 0.386227 , 0.400898 
 222 , 9300.53595901 , 0.409548 , 0.400898 
 223 , 9331.32619905 , 0.416747 , 0.400898 
 224 , 9362.23385 , 0.416262 , 0.400898 
 225 , 9445.72128797 , 0.420534 , 0.418757 
 226 , 9476.595438 , 0.417184 , 0.418757 
 227 , 9507.40411901 , 0.419984 , 0.418757 
 228 , 9538.209939 , 0.408557 , 0.418757 
 229 , 9569.09753203 , 0.415651 , 0.418757 
 230 , 9652.62703395 , 0.41796 , 0.413092 
 231 , 9683.58365297 , 0.410784 , 0.413092 
 232 , 9714.55307889 , 0.40875 , 0.413092 
 233 , 9745.35173297 , 0.409482 , 0.413092 
 234 , 9776.23614001 , 0.411056 , 0.413092 
 235 , 9859.72424388 , 0.403089 , 0.408745 
 236 , 9890.5612359 , 0.407331 , 0.408745 
 237 , 9921.36979389 , 0.407744 , 0.408745 
 238 , 9952.28137493 , 0.399148 , 0.408745 
 239 , 9983.16943002 , 0.409233 , 0.408745 
 240 , 10066.708118 , 0.405924 , 0.404845 
 241 , 10097.5463889 , 0.40138 , 0.404845 
 242 , 10128.3569551 , 0.397923 , 0.404845 
 243 , 10159.301338 , 0.406221 , 0.404845 
 244 , 10190.1619771 , 0.404234 , 0.404845 
 245 , 10273.660429 , 0.401145 , 0.401154 
 246 , 10304.4896419 , 0.399558 , 0.401154 
 247 , 10335.182852 , 0.396514 , 0.401154 
 248 , 10365.8974919 , 0.388246 , 0.401154 
 249 , 10396.635282 , 0.390925 , 0.401154 
 250 , 10480.2204089 , 0.391626 , 0.388532 
 251 , 10511.011868 , 0.38829 , 0.388532 
 252 , 10541.9103611 , 0.385154 , 0.388532 
 253 , 10572.8152289 , 0.385145 , 0.388532 
 254 , 10603.7156229 , 0.38388 , 0.388532 
 255 , 10687.3180001 , 0.386423 , 0.385325 
 256 , 10718.1851859 , 0.383228 , 0.385325 
 257 , 10749.1751189 , 0.384769 , 0.385325 
 258 , 10780.114655 , 0.379536 , 0.385325 
 259 , 10811.0018449 , 0.386014 , 0.385325 
 260 , 10899.0140059 , 0.387469 , 0.382342 
 261 , 10929.7876201 , 0.38542 , 0.382342 
 262 , 10960.677994 , 0.377803 , 0.382342 
 263 , 10991.5258279 , 0.393271 , 0.382342 
 264 , 11022.3203571 , 0.383503 , 0.382342 
 265 , 11105.842613 , 0.378148 , 0.379775 
 266 , 11136.6507039 , 0.381404 , 0.379775 
 267 , 11167.397465 , 0.376208 , 0.379775 
 268 , 11198.100141 , 0.376211 , 0.379775 
 269 , 11228.872406 , 0.38183 , 0.379775 
 270 , 11312.37309 , 0.382147 , 0.378841 
 271 , 11343.210954 , 0.377595 , 0.378841 
 272 , 11374.0657649 , 0.385612 , 0.378841 
 273 , 11404.8963499 , 0.383909 , 0.378841 
 274 , 11435.7801199 , 0.386608 , 0.378841 
 275 , 11519.2699869 , 0.387561 , 0.383867 
 276 , 11550.106746 , 0.387109 , 0.383867 
 277 , 11580.950778 , 0.394235 , 0.383867 
 278 , 11611.7433851 , 0.382972 , 0.383867 
 279 , 11642.5098519 , 0.394312 , 0.383867 
 280 , 11725.9587719 , 0.387966 , 0.390305 
 281 , 11756.7997599 , 0.389736 , 0.390305 
 282 , 11787.5693429 , 0.38947 , 0.390305 
 283 , 11818.42361 , 0.387823 , 0.390305 
 284 , 11849.4084809 , 0.385531 , 0.390305 
 285 , 11933.0089769 , 0.387922 , 0.387982 
 286 , 11963.9468219 , 0.385826 , 0.387982 
 287 , 11994.780623 , 0.386517 , 0.387982 
 288 , 12025.619664 , 0.389459 , 0.387982 
 289 , 12056.5056329 , 0.382771 , 0.387982 
 290 , 12140.052844 , 0.383531 , 0.385904 
 291 , 12170.835191 , 0.38584 , 0.385904 
 292 , 12201.7335999 , 0.383707 , 0.385904 
 293 , 12232.5965269 , 0.38223 , 0.385904 
 294 , 12263.4959099 , 0.386083 , 0.385904 
 295 , 12347.0094681 , 0.385535 , 0.383587 
 296 , 12377.829242 , 0.385639 , 0.383587 
 297 , 12408.648041 , 0.383102 , 0.383587 
 298 , 12439.4404409 , 0.381425 , 0.383587 
 299 , 12470.3889771 , 0.385894 , 0.383587 
 300 , 12554.013103 , 0.380494 , 0.38151 
 301 , 12584.9312041 , 0.385314 , 0.38151 
 302 , 12615.758852 , 0.386097 , 0.38151 
 303 , 12646.7717221 , 0.380739 , 0.38151 
 304 , 12677.872205 , 0.384704 , 0.38151 
 305 , 12761.5306931 , 0.379414 , 0.379356 
 306 , 12792.338289 , 0.38016 , 0.379356 
 307 , 12823.1319339 , 0.378994 , 0.379356 
 308 , 12854.0898581 , 0.376499 , 0.379356 
 309 , 12885.0205479 , 0.376256 , 0.379356 
 310 , 12968.563329 , 0.380474 , 0.377453 
 311 , 12999.5151789 , 0.377206 , 0.377453 
 312 , 13030.2183809 , 0.376867 , 0.377453 
 313 , 13061.051363 , 0.378462 , 0.377453 
 314 , 13091.928005 , 0.380419 , 0.377453 
 315 , 13175.3910899 , 0.379719 , 0.376623 
 316 , 13206.285316 , 0.37775 , 0.376623 
 317 , 13237.125083 , 0.382288 , 0.376623 
 318 , 13267.9183679 , 0.377391 , 0.376623 
 319 , 13298.731909 , 0.376285 , 0.376623 
 320 , 13382.2146699 , 0.374993 , 0.375455 
 321 , 13413.0322919 , 0.381312 , 0.375455 
 322 , 13443.8238211 , 0.382623 , 0.375455 
 323 , 13474.644748 , 0.376723 , 0.375455 
 324 , 13505.536129 , 0.380033 , 0.375455 
 325 , 13588.990001 , 0.3824 , 0.375556 
 326 , 13619.8364611 , 0.376095 , 0.375556 
 327 , 13650.670089 , 0.381279 , 0.375556 
 328 , 13681.5072999 , 0.380041 , 0.375556 
 329 , 13712.3313639 , 0.375441 , 0.375556 
 330 , 13795.7915311 , 0.377805 , 0.375519 
 331 , 13826.5517099 , 0.37584 , 0.375519 
 332 , 13857.397531 , 0.375548 , 0.375519 
 333 , 13888.1916199 , 0.376669 , 0.375519 
 334 , 13918.9652729 , 0.382893 , 0.375519 
 335 , 14002.519784 , 0.37777 , 0.374195 
 336 , 14033.311101 , 0.376986 , 0.374195 
 337 , 14064.041719 , 0.378128 , 0.374195 
 338 , 14094.8163569 , 0.373111 , 0.374195 
 339 , 14125.6671879 , 0.37879 , 0.374195 
 340 , 14209.2458589 , 0.372794 , 0.379406 
 341 , 14240.17541 , 0.378667 , 0.379406 
 342 , 14270.9661441 , 0.382447 , 0.379406 
 343 , 14301.9252651 , 0.380083 , 0.379406 
 344 , 14332.8462679 , 0.382579 , 0.379406 
 345 , 14416.3535058 , 0.375597 , 0.373533 
 346 , 14447.2411919 , 0.37365 , 0.373533 
 347 , 14478.023983 , 0.378496 , 0.373533 
 348 , 14508.8301649 , 0.375754 , 0.373533 
 349 , 14539.614584 , 0.381091 , 0.373533 
 350 , 14623.0400739 , 0.371199 , 0.373417 
 351 , 14653.7876809 , 0.378587 , 0.373417 
 352 , 14684.5196779 , 0.376146 , 0.373417 
 353 , 14715.4140549 , 0.37255 , 0.373417 
 354 , 14746.1837919 , 0.375556 , 0.373417 
 355 , 14829.6148319 , 0.374549 , 0.373137 
 356 , 14860.42711 , 0.372339 , 0.373137 
 357 , 14891.2699721 , 0.374346 , 0.373137 
 358 , 14922.0181401 , 0.377362 , 0.373137 
 359 , 14952.766784 , 0.375876 , 0.373137 
 360 , 15036.2803719 , 0.37739 , 0.377999 
 361 , 15067.0197039 , 0.37867 , 0.377999 
 362 , 15097.79282 , 0.376659 , 0.377999 
 363 , 15128.62361 , 0.375974 , 0.377999 
 364 , 15159.4620049 , 0.379916 , 0.377999 
 365 , 15243.032465 , 0.376263 , 0.372604 
 366 , 15273.8294361 , 0.380237 , 0.372604 
 367 , 15304.686677 , 0.381498 , 0.372604 
 368 , 15335.5247459 , 0.373351 , 0.372604 
 369 , 15366.4585891 , 0.372863 , 0.372604 
 370 , 15450.074861 , 0.375058 , 0.373404 
 371 , 15480.9713089 , 0.374846 , 0.373404 
 372 , 15511.8819249 , 0.377613 , 0.373404 
 373 , 15542.702553 , 0.377211 , 0.373404 
 374 , 15573.5786071 , 0.37857 , 0.373404 
 375 , 15657.2533839 , 0.380914 , 0.378275 
 376 , 15688.1140199 , 0.372423 , 0.378275 
 377 , 15723.9935069 , 0.37729 , 0.378275 
 378 , 15754.9762609 , 0.379189 , 0.378275 
 379 , 15785.862139 , 0.37479 , 0.378275 
 380 , 15869.462733 , 0.375051 , 0.372356 
 381 , 15900.3266909 , 0.374696 , 0.372356 
 382 , 15931.10392 , 0.381147 , 0.372356 
 383 , 15961.956933 , 0.370945 , 0.372356 
 384 , 15992.7543299 , 0.381122 , 0.372356 
 385 , 16076.2899539 , 0.377145 , 0.377659 
 386 , 16107.0705509 , 0.376834 , 0.377659 
 387 , 16137.8597949 , 0.377062 , 0.377659 
 388 , 16168.6193221 , 0.378234 , 0.377659 
 389 , 16199.5047989 , 0.380094 , 0.377659 
 390 , 16283.2166591 , 0.375186 , 0.377541 
 391 , 16314.1734319 , 0.373364 , 0.377541 
 392 , 16345.0369461 , 0.375496 , 0.377541 
 393 , 16375.8628969 , 0.378345 , 0.377541 
 394 , 16406.6952479 , 0.369762 , 0.377541 
 395 , 16490.910219 , 0.371818 , 0.377382 
 396 , 16521.689435 , 0.374959 , 0.377382 
 397 , 16552.538166 , 0.37704 , 0.377382 
 398 , 16583.352706 , 0.378937 , 0.377382 
 399 , 16614.2175879 , 0.376588 , 0.377382 
 400 , 16697.9089999 , 0.376671 , 0.377124 
 401 , 16728.834249 , 0.369639 , 0.377124 
 402 , 16759.612283 , 0.375186 , 0.377124 
 403 , 16790.503346 , 0.376734 , 0.377124 
 404 , 16821.3966711 , 0.381852 , 0.377124 
 405 , 16905.1594119 , 0.372833 , 0.376966 
 406 , 16936.2229719 , 0.376574 , 0.376966 
 407 , 16967.13028 , 0.374029 , 0.376966 
 408 , 17002.6175749 , 0.373365 , 0.376966 
 409 , 17033.3924661 , 0.376983 , 0.376966 
 410 , 17116.9304709 , 0.37807 , 0.377174 
 411 , 17147.7727821 , 0.376073 , 0.377174 
 412 , 17178.4718831 , 0.378169 , 0.377174 
 413 , 17209.2109671 , 0.374787 , 0.377174 
 414 , 17239.948498 , 0.372458 , 0.377174 
 415 , 17323.4356239 , 0.378847 , 0.371014 
 416 , 17354.202708 , 0.370659 , 0.371014 
 417 , 17384.99385 , 0.379764 , 0.371014 
 418 , 17415.812937 , 0.371562 , 0.371014 
 419 , 17446.603956 , 0.376638 , 0.371014 
 420 , 17530.0649159 , 0.378512 , 0.37176 
 421 , 17560.9138789 , 0.370606 , 0.37176 
 422 , 17591.7600701 , 0.372453 , 0.37176 
 423 , 17622.5172379 , 0.375024 , 0.37176 
 424 , 17653.372745 , 0.37533 , 0.37176 
 425 , 17736.9901359 , 0.372025 , 0.370842 
 426 , 17767.7642789 , 0.381167 , 0.370842 
 427 , 17798.4926429 , 0.393919 , 0.370842 
 428 , 17829.42331 , 0.386627 , 0.370842 
 429 , 17860.261066 , 0.391336 , 0.370842 
 430 , 17943.841419 , 0.392875 , 0.38939 
 431 , 17974.704205 , 0.385455 , 0.38939 
 432 , 18005.4100919 , 0.389141 , 0.38939 
 433 , 18036.252089 , 0.389873 , 0.38939 
 434 , 18067.6005211 , 0.384847 , 0.38939 
 435 , 18151.079694 , 0.390235 , 0.388347 
 436 , 18181.83094 , 0.38842 , 0.388347 
 437 , 18212.5349729 , 0.388665 , 0.388347 
 438 , 18243.1707869 , 0.383258 , 0.388347 
 439 , 18273.9691169 , 0.386138 , 0.388347 
 440 , 18357.417861 , 0.388611 , 0.387219 
 441 , 18388.1175411 , 0.38178 , 0.387219 
 442 , 18418.934 , 0.3838 , 0.387219 
 443 , 18449.6266201 , 0.389802 , 0.387219 
 444 , 18480.426245 , 0.383362 , 0.387219 
 445 , 18563.8389199 , 0.383712 , 0.386413 
 446 , 18594.6287589 , 0.38697 , 0.386413 
 447 , 18625.4673479 , 0.384286 , 0.386413 
 448 , 18656.289464 , 0.386562 , 0.386413 
 449 , 18687.0164139 , 0.384001 , 0.386413 
 450 , 18770.5881009 , 0.383821 , 0.385224 
 451 , 18801.4384069 , 0.385632 , 0.385224 
 452 , 18832.292033 , 0.3875 , 0.385224 
 453 , 18863.0775039 , 0.387449 , 0.385224 
 454 , 18894.015883 , 0.385761 , 0.385224 
 455 , 18977.7077501 , 0.385234 , 0.38434 
 456 , 19013.4550719 , 0.38668 , 0.38434 
 457 , 19044.1877799 , 0.387646 , 0.38434 
 458 , 19075.0126939 , 0.387426 , 0.38434 
 459 , 19105.8507299 , 0.385085 , 0.38434 
 460 , 19189.3337109 , 0.38539 , 0.383389 
 461 , 19220.1706259 , 0.383623 , 0.383389 
 462 , 19251.0067759 , 0.380116 , 0.383389 
 463 , 19281.83389 , 0.381628 , 0.383389 
 464 , 19312.682024 , 0.38024 , 0.383389 
 465 , 19396.278645 , 0.380392 , 0.382581 
 466 , 19427.166857 , 0.381436 , 0.382581 
 467 , 19458.1542969 , 0.382584 , 0.382581 
 468 , 19489.0143371 , 0.386822 , 0.382581 
 469 , 19519.911835 , 0.377094 , 0.382581 
 470 , 19603.5239689 , 0.383954 , 0.381837 
 471 , 19634.4404609 , 0.378765 , 0.381837 
 472 , 19665.3941669 , 0.377199 , 0.381837 
 473 , 19696.222177 , 0.381963 , 0.381837 
 474 , 19727.1833749 , 0.385618 , 0.381837 
 475 , 19810.8594201 , 0.378101 , 0.380854 
 476 , 19846.758136 , 0.381724 , 0.380854 
 477 , 19877.7235041 , 0.378912 , 0.380854 
 478 , 19908.4954939 , 0.381547 , 0.380854 
 479 , 19939.235882 , 0.381032 , 0.380854 
 480 , 20022.743284 , 0.382653 , 0.37995 
 481 , 20053.583931 , 0.381454 , 0.37995 
 482 , 20084.3031521 , 0.379541 , 0.37995 
 483 , 20115.114682 , 0.383897 , 0.37995 
 484 , 20146.0129449 , 0.378863 , 0.37995 
 485 , 20229.584301 , 0.383898 , 0.3795 
 486 , 20260.4601829 , 0.376317 , 0.3795 
 487 , 20291.3001029 , 0.380672 , 0.3795 
 488 , 20322.1871591 , 0.379239 , 0.3795 
 489 , 20353.1085219 , 0.380677 , 0.3795 
 490 , 20440.9331079 , 0.380498 , 0.378251 
 491 , 20471.746989 , 0.375302 , 0.378251 
 492 , 20502.5129049 , 0.377191 , 0.378251 
 493 , 20533.289465 , 0.375235 , 0.378251 
 494 , 20564.1695309 , 0.38268 , 0.378251 
 495 , 20647.6036839 , 0.379027 , 0.377481 
 496 , 20678.3607049 , 0.377583 , 0.377481 
 497 , 20709.116879 , 0.380436 , 0.377481 
 498 , 20739.908051 , 0.377012 , 0.377481 
 499 , 20770.6824739 , 0.374421 , 0.377481 
 500 , 20854.0245581 , 0.376664 , 0.376633 
#  setting learning rate to 0.040000 
 501 , 20887.22774 , 0.377818 , 0.376633 
 502 , 20917.872416 , 0.376725 , 0.376633 
 503 , 20948.646239 , 0.373652 , 0.376633 
 504 , 20979.403465 , 0.37121 , 0.376633 
 505 , 21062.7538369 , 0.373473 , 0.374972 
 506 , 21093.559 , 0.374862 , 0.374972 
 507 , 21124.242337 , 0.378341 , 0.374972 
 508 , 21155.007699 , 0.370026 , 0.374972 
 509 , 21185.7130649 , 0.376038 , 0.374972 
 510 , 21269.201967 , 0.372266 , 0.373247 
 511 , 21299.9492099 , 0.375209 , 0.373247 
 512 , 21330.7337549 , 0.371637 , 0.373247 
 513 , 21361.5987289 , 0.374532 , 0.373247 
 514 , 21392.415055 , 0.37556 , 0.373247 
 515 , 21475.970742 , 0.370787 , 0.371749 
 516 , 21506.8299539 , 0.368653 , 0.371749 
 517 , 21537.745445 , 0.374029 , 0.371749 
 518 , 21568.5830181 , 0.369121 , 0.371749 
 519 , 21599.4618859 , 0.37608 , 0.371749 
 520 , 21687.7199271 , 0.370133 , 0.370187 
 521 , 21718.43681 , 0.371953 , 0.370187 
 522 , 21749.2063239 , 0.371952 , 0.370187 
 523 , 21779.9789131 , 0.369999 , 0.370187 
 524 , 21810.7492459 , 0.376804 , 0.370187 
 525 , 21894.1936069 , 0.370944 , 0.369298 
 526 , 21925.0014501 , 0.373117 , 0.369298 
 527 , 21955.7253959 , 0.370251 , 0.369298 
 528 , 21986.555692 , 0.370977 , 0.369298 
 529 , 22017.3005829 , 0.372851 , 0.369298 
 530 , 22100.6533859 , 0.365269 , 0.369307 
 531 , 22131.491509 , 0.37264 , 0.369307 
 532 , 22162.175693 , 0.372775 , 0.369307 
 533 , 22192.9782639 , 0.375591 , 0.369307 
 534 , 22223.7496641 , 0.370384 , 0.369307 
 535 , 22307.099889 , 0.369841 , 0.368881 
 536 , 22337.8336689 , 0.371594 , 0.368881 
 537 , 22368.7432649 , 0.37394 , 0.368881 
 538 , 22399.4373829 , 0.368443 , 0.368881 
 539 , 22430.162847 , 0.364697 , 0.368881 
 540 , 22513.57529 , 0.373402 , 0.368736 
 541 , 22544.4416909 , 0.370651 , 0.368736 
 542 , 22575.2113419 , 0.371797 , 0.368736 
 543 , 22606.0275481 , 0.375118 , 0.368736 
 544 , 22636.803061 , 0.370178 , 0.368736 
 545 , 22720.2167981 , 0.372118 , 0.371231 
 546 , 22751.033483 , 0.374333 , 0.371231 
 547 , 22781.8460369 , 0.375237 , 0.371231 
 548 , 22812.5884459 , 0.370632 , 0.371231 
 549 , 22843.4625859 , 0.374566 , 0.371231 
 550 , 22926.8372729 , 0.372384 , 0.371365 
 551 , 22957.6954479 , 0.371352 , 0.371365 
 552 , 22988.4801569 , 0.367259 , 0.371365 
 553 , 23019.399471 , 0.370117 , 0.371365 
 554 , 23050.243161 , 0.370402 , 0.371365 
 555 , 23133.7780099 , 0.377288 , 0.370182 
 556 , 23164.619822 , 0.375356 , 0.370182 
 557 , 23195.4789569 , 0.372832 , 0.370182 
 558 , 23226.370239 , 0.367744 , 0.370182 
 559 , 23257.284848 , 0.370795 , 0.370182 
 560 , 23344.986685 , 0.376622 , 0.36902 
 561 , 23375.8014369 , 0.367406 , 0.36902 
 562 , 23406.539089 , 0.371615 , 0.36902 
 563 , 23437.356189 , 0.371794 , 0.36902 
 564 , 23468.2868609 , 0.372221 , 0.36902 
 565 , 23551.6569049 , 0.370351 , 0.3686 
 566 , 23582.406024 , 0.369652 , 0.3686 
 567 , 23613.1910551 , 0.369203 , 0.3686 
 568 , 23643.971298 , 0.368503 , 0.3686 
 569 , 23674.826396 , 0.371272 , 0.3686 
 570 , 23758.3224499 , 0.368203 , 0.368045 
 571 , 23789.111623 , 0.364811 , 0.368045 
 572 , 23819.9371409 , 0.376268 , 0.368045 
 573 , 23850.7857909 , 0.369144 , 0.368045 
 574 , 23881.7136481 , 0.367891 , 0.368045 
 575 , 23965.1541169 , 0.373651 , 0.368115 
 576 , 23996.090194 , 0.368984 , 0.368115 
 577 , 24026.9102089 , 0.369683 , 0.368115 
 578 , 24057.661453 , 0.370403 , 0.368115 
 579 , 24088.4572489 , 0.369057 , 0.368115 
 580 , 24171.975281 , 0.371067 , 0.36787 
 581 , 24202.7204349 , 0.37078 , 0.36787 
 582 , 24233.5793691 , 0.367339 , 0.36787 
 583 , 24264.4342599 , 0.372865 , 0.36787 
 584 , 24295.219785 , 0.366685 , 0.36787 
 585 , 24378.90573 , 0.371159 , 0.367681 
 586 , 24409.791342 , 0.368843 , 0.367681 
 587 , 24440.6681719 , 0.369743 , 0.367681 
 588 , 24471.526576 , 0.370999 , 0.367681 
 589 , 24502.4478071 , 0.370291 , 0.367681 
 590 , 24586.0349519 , 0.369154 , 0.367805 
 591 , 24616.9377449 , 0.373747 , 0.367805 
 592 , 24652.808259 , 0.370131 , 0.367805 
 593 , 24683.668602 , 0.3704 , 0.367805 
 594 , 24714.5375149 , 0.368542 , 0.367805 
 595 , 24798.060714 , 0.372561 , 0.367806 
 596 , 24829.0328789 , 0.375986 , 0.367806 
 597 , 24860.0827439 , 0.371619 , 0.367806 
 598 , 24891.062597 , 0.370415 , 0.367806 
 599 , 24922.0444031 , 0.372814 , 0.367806 
 600 , 25005.6455319 , 0.369422 , 0.368364 
 601 , 25036.579721 , 0.37003 , 0.368364 
 602 , 25072.4313691 , 0.370362 , 0.368364 
 603 , 25103.3133619 , 0.37317 , 0.368364 
 604 , 25134.2168579 , 0.375667 , 0.368364 
 605 , 25217.7558389 , 0.369348 , 0.373079 
 606 , 25248.826997 , 0.368112 , 0.373079 
 607 , 25279.8961909 , 0.370809 , 0.373079 
 608 , 25310.7760639 , 0.373186 , 0.373079 
 609 , 25341.599623 , 0.372659 , 0.373079 
 610 , 25425.043839 , 0.370621 , 0.36755 
 611 , 25455.931325 , 0.370937 , 0.36755 
 612 , 25486.8088241 , 0.367834 , 0.36755 
 613 , 25517.558727 , 0.370952 , 0.36755 
 614 , 25548.436635 , 0.369519 , 0.36755 
 615 , 25631.9463251 , 0.371553 , 0.368411 
 616 , 25662.9311759 , 0.370535 , 0.368411 
 617 , 25693.934797 , 0.374505 , 0.368411 
 618 , 25724.88782 , 0.366911 , 0.368411 
 619 , 25755.9110711 , 0.371325 , 0.368411 
 620 , 25839.628161 , 0.368652 , 0.367335 
 621 , 25870.5578129 , 0.366059 , 0.367335 
 622 , 25901.510586 , 0.370123 , 0.367335 
 623 , 25932.4719651 , 0.368339 , 0.367335 
 624 , 25963.429671 , 0.371172 , 0.367335 
 625 , 26051.3712089 , 0.37197 , 0.367003 
 626 , 26082.2929049 , 0.367007 , 0.367003 
 627 , 26113.067019 , 0.368216 , 0.367003 
 628 , 26143.8308051 , 0.370425 , 0.367003 
 629 , 26174.7208319 , 0.373408 , 0.367003 
 630 , 26258.2455599 , 0.366967 , 0.367419 
 631 , 26289.01355 , 0.368198 , 0.367419 
 632 , 26319.8210371 , 0.367219 , 0.367419 
 633 , 26350.7028239 , 0.368279 , 0.367419 
 634 , 26381.561059 , 0.371371 , 0.367419 
 635 , 26465.102653 , 0.370775 , 0.367138 
 636 , 26495.9306431 , 0.367518 , 0.367138 
 637 , 26526.827934 , 0.366817 , 0.367138 
 638 , 26557.7734969 , 0.364086 , 0.367138 
 639 , 26588.719161 , 0.370699 , 0.367138 
 640 , 26672.4633589 , 0.36921 , 0.366964 
 641 , 26703.367487 , 0.371283 , 0.366964 
 642 , 26734.2262459 , 0.369716 , 0.366964 
 643 , 26765.073137 , 0.374591 , 0.366964 
 644 , 26796.0515959 , 0.371854 , 0.366964 
 645 , 26883.92048 , 0.368574 , 0.366878 
 646 , 26914.8030341 , 0.374991 , 0.366878 
 647 , 26945.655427 , 0.363626 , 0.366878 
 648 , 26976.5141051 , 0.37237 , 0.366878 
 649 , 27007.455874 , 0.370623 , 0.366878 
 650 , 27091.1563721 , 0.365993 , 0.366879 
 651 , 27122.023355 , 0.371835 , 0.366879 
 652 , 27152.8560269 , 0.368506 , 0.366879 
 653 , 27183.7131259 , 0.375982 , 0.366879 
 654 , 27214.5396369 , 0.370754 , 0.366879 
 655 , 27298.02545 , 0.37118 , 0.372285 
 656 , 27328.8751729 , 0.369707 , 0.372285 
 657 , 27359.9029109 , 0.367926 , 0.372285 
 658 , 27390.7552869 , 0.371146 , 0.372285 
 659 , 27421.6541679 , 0.370835 , 0.372285 
 660 , 27505.1516731 , 0.365031 , 0.367549 
 661 , 27536.018203 , 0.36709 , 0.367549 
 662 , 27566.8310509 , 0.370672 , 0.367549 
 663 , 27597.6707919 , 0.365137 , 0.367549 
 664 , 27628.531008 , 0.365469 , 0.367549 
 665 , 27712.075161 , 0.371581 , 0.367352 
 666 , 27742.914211 , 0.369667 , 0.367352 
 667 , 27773.8377399 , 0.366744 , 0.367352 
 668 , 27804.581655 , 0.368899 , 0.367352 
 669 , 27835.419229 , 0.366648 , 0.367352 
 670 , 27918.8386009 , 0.368067 , 0.366407 
 671 , 27949.6623669 , 0.366764 , 0.366407 
 672 , 27980.4772909 , 0.370699 , 0.366407 
 673 , 28011.3739269 , 0.368287 , 0.366407 
 674 , 28042.109679 , 0.375796 , 0.366407 
 675 , 28125.475193 , 0.369184 , 0.366183 
 676 , 28156.3663139 , 0.367885 , 0.366183 
 677 , 28187.192656 , 0.367433 , 0.366183 
 678 , 28217.940747 , 0.369375 , 0.366183 
 679 , 28248.777355 , 0.370121 , 0.366183 
 680 , 28332.3384149 , 0.368258 , 0.366229 
 681 , 28363.261955 , 0.364031 , 0.366229 
 682 , 28394.0882149 , 0.366636 , 0.366229 
 683 , 28424.8764729 , 0.371986 , 0.366229 
 684 , 28455.7736909 , 0.370337 , 0.366229 
 685 , 28539.2090991 , 0.368779 , 0.365988 
 686 , 28570.0780509 , 0.370471 , 0.365988 
 687 , 28600.886888 , 0.370408 , 0.365988 
 688 , 28631.6950979 , 0.376446 , 0.365988 
 689 , 28662.481456 , 0.367782 , 0.365988 
 690 , 28745.8446319 , 0.372536 , 0.366122 
 691 , 28776.7094369 , 0.367502 , 0.366122 
 692 , 28807.446908 , 0.362651 , 0.366122 
 693 , 28838.148181 , 0.366201 , 0.366122 
 694 , 28869.392087 , 0.370288 , 0.366122 
 695 , 28952.689014 , 0.367721 , 0.366065 
 696 , 28983.4457259 , 0.366638 , 0.366065 
 697 , 29014.2461939 , 0.368419 , 0.366065 
 698 , 29044.9403191 , 0.364661 , 0.366065 
 699 , 29075.750052 , 0.365684 , 0.366065 
 700 , 29159.2107239 , 0.37012 , 0.365841 
 701 , 29190.018764 , 0.373112 , 0.365841 
 702 , 29220.7965441 , 0.369164 , 0.365841 
 703 , 29251.519875 , 0.366449 , 0.365841 
 704 , 29282.2979589 , 0.376762 , 0.365841 
 705 , 29365.6965899 , 0.36954 , 0.365757 
 706 , 29396.6021929 , 0.367558 , 0.365757 
 707 , 29427.354671 , 0.36452 , 0.365757 
 708 , 29458.2572739 , 0.366841 , 0.365757 
 709 , 29489.085366 , 0.372665 , 0.365757 
 710 , 29572.647974 , 0.368856 , 0.365923 
 711 , 29603.4160039 , 0.367304 , 0.365923 
 712 , 29634.2460699 , 0.371342 , 0.365923 
 713 , 29665.1237431 , 0.366413 , 0.365923 
 714 , 29696.112272 , 0.367716 , 0.365923 
 715 , 29779.532994 , 0.367454 , 0.365949 
 716 , 29810.3294609 , 0.370384 , 0.365949 
 717 , 29841.2244101 , 0.37135 , 0.365949 
 718 , 29872.1244199 , 0.362835 , 0.365949 
 719 , 29903.0214779 , 0.361005 , 0.365949 
 720 , 29986.427315 , 0.372972 , 0.366202 
 721 , 30017.2534819 , 0.369917 , 0.366202 
 722 , 30048.15852 , 0.365489 , 0.366202 
 723 , 30078.9558499 , 0.368786 , 0.366202 
 724 , 30109.739423 , 0.369334 , 0.366202 
 725 , 30193.1668959 , 0.36652 , 0.365845 
 726 , 30224.024168 , 0.368217 , 0.365845 
 727 , 30254.895581 , 0.366704 , 0.365845 
 728 , 30285.8303299 , 0.373491 , 0.365845 
 729 , 30316.7748899 , 0.372161 , 0.365845 
 730 , 30400.3455 , 0.364249 , 0.366046 
 731 , 30431.2294669 , 0.366183 , 0.366046 
 732 , 30462.1108401 , 0.365464 , 0.366046 
 733 , 30493.021409 , 0.367765 , 0.366046 
 734 , 30528.48647 , 0.364011 , 0.366046 
 735 , 30611.953959 , 0.369077 , 0.366297 
 736 , 30642.8831351 , 0.367043 , 0.366297 
 737 , 30674.0232699 , 0.365205 , 0.366297 
 738 , 30704.8632019 , 0.368425 , 0.366297 
 739 , 30735.708972 , 0.366027 , 0.366297 
 740 , 30819.065202 , 0.365619 , 0.365721 
 741 , 30849.8333669 , 0.367578 , 0.365721 
 742 , 30880.6496489 , 0.365975 , 0.365721 
 743 , 30911.459096 , 0.367003 , 0.365721 
 744 , 30942.2951341 , 0.370957 , 0.365721 
 745 , 31025.7052889 , 0.368133 , 0.365504 
 746 , 31056.597399 , 0.361529 , 0.365504 
 747 , 31087.3917339 , 0.367556 , 0.365504 
 748 , 31118.2895899 , 0.367938 , 0.365504 
 749 , 31149.1032541 , 0.366988 , 0.365504 
 750 , 31232.5431399 , 0.369655 , 0.365276 
 751 , 31263.403594 , 0.373005 , 0.365276 
 752 , 31294.2255421 , 0.367212 , 0.365276 
 753 , 31325.089036 , 0.368243 , 0.365276 
 754 , 31356.015377 , 0.365093 , 0.365276 
 755 , 31439.526197 , 0.373335 , 0.36504 
 756 , 31470.465652 , 0.367297 , 0.36504 
 757 , 31501.335834 , 0.366659 , 0.36504 
 758 , 31532.186657 , 0.365902 , 0.36504 
 759 , 31563.132565 , 0.363541 , 0.36504 
 760 , 31646.734211 , 0.375922 , 0.364997 
 761 , 31677.5691159 , 0.370271 , 0.364997 
 762 , 31708.556834 , 0.370233 , 0.364997 
 763 , 31739.473846 , 0.365735 , 0.364997 
 764 , 31770.3277919 , 0.369011 , 0.364997 
 765 , 31853.786319 , 0.370962 , 0.365106 
 766 , 31884.5369689 , 0.369872 , 0.365106 
 767 , 31915.408453 , 0.36636 , 0.365106 
 768 , 31946.192441 , 0.371481 , 0.365106 
 769 , 31977.076448 , 0.372891 , 0.365106 
 770 , 32060.562088 , 0.367744 , 0.36512 
 771 , 32091.485661 , 0.371725 , 0.36512 
 772 , 32122.523273 , 0.364963 , 0.36512 
 773 , 32153.3511379 , 0.371766 , 0.36512 
 774 , 32184.1989319 , 0.368105 , 0.36512 
 775 , 32267.7410591 , 0.369541 , 0.364834 
 776 , 32298.5399749 , 0.369574 , 0.364834 
 777 , 32329.517585 , 0.372536 , 0.364834 
 778 , 32360.3427329 , 0.368854 , 0.364834 
 779 , 32391.2769699 , 0.367792 , 0.364834 
 780 , 32474.9051321 , 0.370315 , 0.364832 
 781 , 32505.8980811 , 0.371552 , 0.364832 
 782 , 32536.831526 , 0.367815 , 0.364832 
 783 , 32567.849467 , 0.368585 , 0.364832 
 784 , 32598.7288299 , 0.369887 , 0.364832 
 785 , 32682.316649 , 0.374017 , 0.364931 
 786 , 32713.300844 , 0.366036 , 0.364931 
 787 , 32744.1777971 , 0.368212 , 0.364931 
 788 , 32774.963613 , 0.363055 , 0.364931 
 789 , 32805.898608 , 0.366787 , 0.364931 
 790 , 32889.369648 , 0.369089 , 0.365151 
 791 , 32920.2158201 , 0.366762 , 0.365151 
 792 , 32951.13029 , 0.367972 , 0.365151 
 793 , 32981.924778 , 0.366168 , 0.365151 
 794 , 33012.839782 , 0.361935 , 0.365151 
 795 , 33096.347549 , 0.361781 , 0.365163 
 796 , 33127.26544 , 0.368298 , 0.365163 
 797 , 33158.2352159 , 0.369483 , 0.365163 
 798 , 33189.096844 , 0.371215 , 0.365163 
 799 , 33220.010092 , 0.365791 , 0.365163 
 800 , 33303.4612029 , 0.375254 , 0.365093 
 801 , 33334.3673859 , 0.362424 , 0.365093 
 802 , 33365.228219 , 0.366334 , 0.365093 
 803 , 33396.0913129 , 0.368459 , 0.365093 
 804 , 33427.0223229 , 0.365561 , 0.365093 
 805 , 33510.41677 , 0.366158 , 0.365242 
 806 , 33541.2416849 , 0.367314 , 0.365242 
 807 , 33572.1339281 , 0.366819 , 0.365242 
 808 , 33603.0113559 , 0.368946 , 0.365242 
 809 , 33633.939605 , 0.366103 , 0.365242 
 810 , 33717.4318531 , 0.367184 , 0.364838 
 811 , 33748.4273219 , 0.366777 , 0.364838 
 812 , 33779.269784 , 0.365769 , 0.364838 
 813 , 33810.216243 , 0.367268 , 0.364838 
 814 , 33841.189996 , 0.367684 , 0.364838 
 815 , 33924.7492061 , 0.370069 , 0.364516 
 816 , 33955.631556 , 0.368263 , 0.364516 
 817 , 33986.642066 , 0.367107 , 0.364516 
 818 , 34017.6231709 , 0.364118 , 0.364516 
 819 , 34048.5826271 , 0.368429 , 0.364516 
 820 , 34132.13463 , 0.365864 , 0.36475 
 821 , 34162.992943 , 0.362814 , 0.36475 
 822 , 34194.1002069 , 0.364184 , 0.36475 
 823 , 34225.016628 , 0.364324 , 0.36475 
 824 , 34255.8618929 , 0.372841 , 0.36475 
 825 , 34339.4501691 , 0.362254 , 0.364654 
 826 , 34370.5087669 , 0.366522 , 0.364654 
 827 , 34401.429574 , 0.372211 , 0.364654 
 828 , 34432.3276119 , 0.362855 , 0.364654 
 829 , 34463.3074079 , 0.369036 , 0.364654 
 830 , 34546.8726199 , 0.367585 , 0.364397 
 831 , 34577.9817889 , 0.364868 , 0.364397 
 832 , 34608.8910029 , 0.370795 , 0.364397 
 833 , 34639.6968329 , 0.368419 , 0.364397 
 834 , 34670.7679639 , 0.365854 , 0.364397 
 835 , 34754.5606871 , 0.372866 , 0.365234 
 836 , 34785.5832889 , 0.368661 , 0.365234 
 837 , 34816.415673 , 0.365855 , 0.365234 
 838 , 34847.5121689 , 0.365344 , 0.365234 
 839 , 34878.5514269 , 0.367345 , 0.365234 
 840 , 34962.181843 , 0.367018 , 0.364632 
 841 , 34993.136708 , 0.364279 , 0.364632 
 842 , 35024.1173921 , 0.364791 , 0.364632 
 843 , 35055.033833 , 0.368643 , 0.364632 
 844 , 35086.046375 , 0.369467 , 0.364632 
 845 , 35169.7984409 , 0.362774 , 0.364362 
 846 , 35200.8886769 , 0.367549 , 0.364362 
 847 , 35231.8270481 , 0.363003 , 0.364362 
 848 , 35262.7405279 , 0.369341 , 0.364362 
 849 , 35293.6896141 , 0.367802 , 0.364362 
 850 , 35377.208616 , 0.366586 , 0.364104 
 851 , 35408.161989 , 0.369976 , 0.364104 
 852 , 35439.0992119 , 0.368969 , 0.364104 
 853 , 35469.9783859 , 0.369307 , 0.364104 
 854 , 35501.0664909 , 0.367847 , 0.364104 
 855 , 35584.6067591 , 0.365762 , 0.364092 
 856 , 35615.5808771 , 0.367596 , 0.364092 
 857 , 35646.5454409 , 0.369318 , 0.364092 
 858 , 35677.4981871 , 0.368696 , 0.364092 
 859 , 35708.431174 , 0.364228 , 0.364092 
 860 , 35791.9847639 , 0.365506 , 0.363922 
 861 , 35822.888279 , 0.361691 , 0.363922 
 862 , 35853.864816 , 0.366344 , 0.363922 
 863 , 35884.8188579 , 0.368046 , 0.363922 
 864 , 35915.740027 , 0.367446 , 0.363922 
 865 , 35999.3924739 , 0.370995 , 0.364093 
 866 , 36030.4062059 , 0.364035 , 0.364093 
 867 , 36061.488663 , 0.36123 , 0.364093 
 868 , 36092.4777009 , 0.363554 , 0.364093 
 869 , 36123.5591969 , 0.368582 , 0.364093 
 870 , 36207.1655209 , 0.36553 , 0.363774 
 871 , 36238.0819299 , 0.369514 , 0.363774 
 872 , 36269.01577 , 0.369994 , 0.363774 
 873 , 36299.9615119 , 0.367515 , 0.363774 
 874 , 36330.847532 , 0.365699 , 0.363774 
 875 , 36414.4949489 , 0.366895 , 0.363941 
 876 , 36445.4797881 , 0.368594 , 0.363941 
 877 , 36476.390805 , 0.372289 , 0.363941 
 878 , 36507.3152189 , 0.365869 , 0.363941 
 879 , 36538.391897 , 0.365223 , 0.363941 
 880 , 36621.912241 , 0.371918 , 0.364145 
 881 , 36652.9343669 , 0.363292 , 0.364145 
 882 , 36683.9333849 , 0.361005 , 0.364145 
 883 , 36715.025425 , 0.365329 , 0.364145 
 884 , 36746.0616329 , 0.365313 , 0.364145 
 885 , 36829.7297089 , 0.365491 , 0.364213 
 886 , 36860.703521 , 0.363629 , 0.364213 
 887 , 36891.7321029 , 0.360707 , 0.364213 
 888 , 36922.754463 , 0.368382 , 0.364213 
 889 , 36953.840879 , 0.368764 , 0.364213 
 890 , 37037.3220429 , 0.36812 , 0.364478 
 891 , 37068.271843 , 0.367513 , 0.364478 
 892 , 37099.2794271 , 0.365628 , 0.364478 
 893 , 37130.2619131 , 0.369515 , 0.364478 
 894 , 37161.319737 , 0.372187 , 0.364478 
 895 , 37244.9031971 , 0.369832 , 0.363809 
 896 , 37275.9003808 , 0.361224 , 0.363809 
 897 , 37306.888212 , 0.363864 , 0.363809 
 898 , 37337.821794 , 0.368209 , 0.363809 
 899 , 37368.837678 , 0.368056 , 0.363809 
 900 , 37452.553834 , 0.363862 , 0.363589 
 901 , 37483.614784 , 0.394091 , 0.363589 
 902 , 37514.639226 , 0.410353 , 0.363589 
 903 , 37545.57057 , 0.41272 , 0.363589 
 904 , 37576.4394989 , 0.407639 , 0.363589 
 905 , 37660.0985191 , 0.410631 , 0.407734 
 906 , 37691.283155 , 0.408614 , 0.407734 
 907 , 37722.3965099 , 0.405958 , 0.407734 
 908 , 37753.331074 , 0.40575 , 0.407734 
 909 , 37784.4320719 , 0.400738 , 0.407734 
 910 , 37868.4478171 , 0.405089 , 0.406545 
 911 , 37899.5190449 , 0.409027 , 0.406545 
 912 , 37930.526124 , 0.403104 , 0.406545 
 913 , 37961.38868 , 0.409568 , 0.406545 
 914 , 37992.3156719 , 0.40865 , 0.406545 
 915 , 38075.796566 , 0.40418 , 0.405456 
 916 , 38106.7811389 , 0.400927 , 0.405456 
 917 , 38137.725419 , 0.404742 , 0.405456 
 918 , 38168.617847 , 0.40439 , 0.405456 
 919 , 38199.617265 , 0.406039 , 0.405456 
 920 , 38283.1882551 , 0.402278 , 0.404531 
 921 , 38314.201211 , 0.401155 , 0.404531 
 922 , 38345.30902 , 0.398354 , 0.404531 
 923 , 38376.237134 , 0.400036 , 0.404531 
 924 , 38407.288547 , 0.402319 , 0.404531 
 925 , 38490.9222081 , 0.403543 , 0.40363 
 926 , 38521.986095 , 0.40383 , 0.40363 
 927 , 38552.993175 , 0.403058 , 0.40363 
 928 , 38584.0274339 , 0.401325 , 0.40363 
 929 , 38615.2580249 , 0.40362 , 0.40363 
 930 , 38698.837239 , 0.397237 , 0.402862 
 931 , 38730.0146449 , 0.402999 , 0.402862 
 932 , 38760.9537771 , 0.402715 , 0.402862 
 933 , 38791.924675 , 0.405154 , 0.402862 
 934 , 38823.0240219 , 0.40238 , 0.402862 
 935 , 38906.631038 , 0.403782 , 0.402069 
 936 , 38937.5053821 , 0.397012 , 0.402069 
 937 , 38968.373971 , 0.39984 , 0.402069 
 938 , 38999.283742 , 0.406084 , 0.402069 
 939 , 39030.303349 , 0.404396 , 0.402069 
 940 , 39113.8815958 , 0.397831 , 0.401538 
 941 , 39144.9202669 , 0.407009 , 0.401538 
 942 , 39175.8568211 , 0.402403 , 0.401538 
 943 , 39206.668823 , 0.400216 , 0.401538 
 944 , 39237.845825 , 0.401309 , 0.401538 
 945 , 39321.4968009 , 0.39917 , 0.400702 
 946 , 39352.4338889 , 0.402852 , 0.400702 
 947 , 39383.336863 , 0.40107 , 0.400702 
 948 , 39414.3295259 , 0.399314 , 0.400702 
 949 , 39445.197298 , 0.400786 , 0.400702 
 950 , 39528.981987 , 0.400438 , 0.400129 
 951 , 39560.032778 , 0.397463 , 0.400129 
 952 , 39590.9945719 , 0.399763 , 0.400129 
 953 , 39621.9800839 , 0.399234 , 0.400129 
 954 , 39653.5670941 , 0.402978 , 0.400129 
 955 , 39737.283426 , 0.402297 , 0.399464 
 956 , 39768.2842219 , 0.394089 , 0.399464 
 957 , 39799.326247 , 0.398235 , 0.399464 
 958 , 39830.411176 , 0.397956 , 0.399464 
 959 , 39866.317956 , 0.396616 , 0.399464 
 960 , 39950.039655 , 0.399295 , 0.398949 
 961 , 39980.993567 , 0.399681 , 0.398949 
 962 , 40012.0764251 , 0.403002 , 0.398949 
 963 , 40043.1996469 , 0.402687 , 0.398949 
 964 , 40074.3071671 , 0.39569 , 0.398949 
 965 , 40158.005949 , 0.397135 , 0.398348 
 966 , 40189.0099499 , 0.399032 , 0.398348 
 967 , 40220.047895 , 0.396665 , 0.398348 
 968 , 40251.0162129 , 0.396026 , 0.398348 
 969 , 40282.0107679 , 0.398307 , 0.398348 
 970 , 40365.745347 , 0.396485 , 0.397814 
 971 , 40396.7866819 , 0.39703 , 0.397814 
 972 , 40427.83552 , 0.398016 , 0.397814 
 973 , 40458.822207 , 0.400598 , 0.397814 
 974 , 40489.8365819 , 0.400373 , 0.397814 
 975 , 40573.4573109 , 0.398233 , 0.39735 
 976 , 40604.4864459 , 0.394476 , 0.39735 
 977 , 40635.4556351 , 0.393654 , 0.39735 
 978 , 40666.3985519 , 0.395858 , 0.39735 
 979 , 40697.410007 , 0.396719 , 0.39735 
 980 , 40781.0769129 , 0.395193 , 0.396854 
 981 , 40811.990824 , 0.398592 , 0.396854 
 982 , 40842.9495161 , 0.395686 , 0.396854 
 983 , 40873.921664 , 0.390296 , 0.396854 
 984 , 40904.7581859 , 0.403189 , 0.396854 
 985 , 40988.28585 , 0.395943 , 0.396384 
 986 , 41019.1737339 , 0.397078 , 0.396384 
 987 , 41050.1472099 , 0.396428 , 0.396384 
 988 , 41081.0627129 , 0.391945 , 0.396384 
 989 , 41112.013031 , 0.395959 , 0.396384 
 990 , 41195.4891129 , 0.400468 , 0.395767 
 991 , 41226.402611 , 0.390821 , 0.395767 
 992 , 41257.400229 , 0.394531 , 0.395767 
 993 , 41288.2385309 , 0.394236 , 0.395767 
 994 , 41319.268291 , 0.399046 , 0.395767 
 995 , 41402.828074 , 0.395508 , 0.395446 
 996 , 41433.9984751 , 0.397607 , 0.395446 
 997 , 41465.4095879 , 0.395915 , 0.395446 
 998 , 41496.2110369 , 0.39829 , 0.395446 
 999 , 41527.0884619 , 0.39143 , 0.395446 
 1000 , 41609.8604789 , 0.393911 , 0.395067 
