 [[  2.06080541e-01   5.39509714e-01   2.54409820e-01   1.24887310e-01
    4.14622396e-01   1.21021621e-01   2.93600738e-01   4.14622396e-01
    0.00000000e+00   2.41509620e-02   1.97204009e-01   1.48710802e-01
    4.45566066e-02   2.83849567e-01   7.16150463e-01   1.60923749e-01
    1.17595529e-03   4.39808331e-02   5.61009087e-02   2.38044150e-02
    3.95128317e-02   0.00000000e+00   1.32092148e-01   3.20177153e-02
    3.21547268e-04   3.27968486e-02   6.19083084e-03   8.58996361e-02
    2.62760520e-01   1.51861876e-01   0.00000000e+00   0.00000000e+00
    1.37343481e-01   4.88317087e-02   0.00000000e+00   7.05823600e-02
    1.57864824e-01]
 [  2.06080541e-01   5.39509714e-01   2.54409820e-01   1.24887310e-01
    4.14622396e-01   1.21021621e-01   2.93600738e-01   4.14622396e-01
    0.00000000e+00   2.41509620e-02   1.97204009e-01   1.48710802e-01
    4.45566066e-02   2.83849567e-01   7.16150463e-01   1.60923749e-01
    1.17595529e-03   4.39808331e-02   5.61009087e-02   2.38044150e-02
    3.95128317e-02   0.00000000e+00   1.32092148e-01   3.20177153e-02
    3.21547268e-04   3.27968486e-02   6.19083084e-03   8.58996361e-02
    2.62760520e-01   1.51861876e-01   0.00000000e+00   0.00000000e+00
    1.37343481e-01   4.88317087e-02   0.00000000e+00   7.05823600e-02
    1.57864824e-01]
 [  2.06080541e-01   5.39509714e-01   2.54409820e-01   1.24887310e-01
    4.14622396e-01   1.21021621e-01   2.93600738e-01   4.14622396e-01
    0.00000000e+00   2.41509620e-02   1.97204009e-01   1.48710802e-01
    4.45566066e-02   2.83849567e-01   7.16150463e-01   1.60923749e-01
    1.17595529e-03   4.39808331e-02   5.61009087e-02   2.38044150e-02
    3.95128317e-02   0.00000000e+00   1.32092148e-01   3.20177153e-02
    3.21547268e-04   3.27968486e-02   6.19083084e-03   8.58996361e-02
    2.62760520e-01   1.51861876e-01   0.00000000e+00   0.00000000e+00
    1.37343481e-01   4.88317087e-02   0.00000000e+00   7.05823600e-02
    1.57864824e-01]
 [  2.06080541e-01   5.39509714e-01   2.54409820e-01   1.24887310e-01
    4.14622396e-01   1.21021621e-01   2.93600738e-01   4.14622396e-01
    0.00000000e+00   2.41509620e-02   1.97204009e-01   1.48710802e-01
    4.45566066e-02   2.83849567e-01   7.16150463e-01   1.60923749e-01
    1.17595529e-03   4.39808331e-02   5.61009087e-02   2.38044150e-02
    3.95128317e-02   0.00000000e+00   1.32092148e-01   3.20177153e-02
    3.21547268e-04   3.27968486e-02   6.19083084e-03   8.58996361e-02
    2.62760520e-01   1.51861876e-01   0.00000000e+00   0.00000000e+00
    1.37343481e-01   4.88317087e-02   0.00000000e+00   7.05823600e-02
    1.57864824e-01]
 [  2.06080541e-01   5.39509714e-01   2.54409820e-01   1.24887310e-01
    4.14622396e-01   1.21021621e-01   2.93600738e-01   4.14622396e-01
    0.00000000e+00   2.41509620e-02   1.97204009e-01   1.48710802e-01
    4.45566066e-02   2.83849567e-01   7.16150463e-01   1.60923749e-01
    1.17595529e-03   4.39808331e-02   5.61009087e-02   2.38044150e-02
    3.95128317e-02   0.00000000e+00   1.32092148e-01   3.20177153e-02
    3.21547268e-04   3.27968486e-02   6.19083084e-03   8.58996361e-02
    2.62760520e-01   1.51861876e-01   0.00000000e+00   0.00000000e+00
    1.37343481e-01   4.88317087e-02   0.00000000e+00   7.05823600e-02
    1.57864824e-01]
 [  2.06080541e-01   5.39509714e-01   2.54409820e-01   1.24887310e-01
    4.14622396e-01   1.21021621e-01   2.93600738e-01   4.14622396e-01
    0.00000000e+00   2.41509620e-02   1.97204009e-01   1.48710802e-01
    4.45566066e-02   2.83849567e-01   7.16150463e-01   1.60923749e-01
    1.17595529e-03   4.39808331e-02   5.61009087e-02   2.38044150e-02
    3.95128317e-02   0.00000000e+00   1.32092148e-01   3.20177153e-02
    3.21547268e-04   3.27968486e-02   6.19083084e-03   8.58996361e-02
    2.62760520e-01   1.51861876e-01   0.00000000e+00   0.00000000e+00
    1.37343481e-01   4.88317087e-02   0.00000000e+00   7.05823600e-02
    1.57864824e-01]
 [  2.06080541e-01   5.39509714e-01   2.54409820e-01   1.24887310e-01
    4.14622396e-01   1.21021621e-01   2.93600738e-01   4.14622396e-01
    0.00000000e+00   2.41509620e-02   1.97204009e-01   1.48710802e-01
    4.45566066e-02   2.83849567e-01   7.16150463e-01   1.60923749e-01
    1.17595529e-03   4.39808331e-02   5.61009087e-02   2.38044150e-02
    3.95128317e-02   0.00000000e+00   1.32092148e-01   3.20177153e-02
    3.21547268e-04   3.27968486e-02   6.19083084e-03   8.58996361e-02
    2.62760520e-01   1.51861876e-01   0.00000000e+00   0.00000000e+00
    1.37343481e-01   4.88317087e-02   0.00000000e+00   7.05823600e-02
    1.57864824e-01]
 [  2.06080541e-01   5.39509714e-01   2.54409820e-01   1.24887310e-01
    4.14622396e-01   1.21021621e-01   2.93600738e-01   4.14622396e-01
    0.00000000e+00   2.41509620e-02   1.97204009e-01   1.48710802e-01
    4.45566066e-02   2.83849567e-01   7.16150463e-01   1.60923749e-01
    1.17595529e-03   4.39808331e-02   5.61009087e-02   2.38044150e-02
    3.95128317e-02   0.00000000e+00   1.32092148e-01   3.20177153e-02
    3.21547268e-04   3.27968486e-02   6.19083084e-03   8.58996361e-02
    2.62760520e-01   1.51861876e-01   0.00000000e+00   0.00000000e+00
    1.37343481e-01   4.88317087e-02   0.00000000e+00   7.05823600e-02
    1.57864824e-01]
 [  2.06080541e-01   5.39509714e-01   2.54409820e-01   1.24887310e-01
    4.14622396e-01   1.21021621e-01   2.93600738e-01   4.14622396e-01
    0.00000000e+00   2.41509620e-02   1.97204009e-01   1.48710802e-01
    4.45566066e-02   2.83849567e-01   7.16150463e-01   1.60923749e-01
    1.17595529e-03   4.39808331e-02   5.61009087e-02   2.38044150e-02
    3.95128317e-02   0.00000000e+00   1.32092148e-01   3.20177153e-02
    3.21547268e-04   3.27968486e-02   6.19083084e-03   8.58996361e-02
    2.62760520e-01   1.51861876e-01   0.00000000e+00   0.00000000e+00
    1.37343481e-01   4.88317087e-02   0.00000000e+00   7.05823600e-02
    1.57864824e-01]
 [  2.06080541e-01   5.39509714e-01   2.54409820e-01   1.24887310e-01
    4.14622396e-01   1.21021621e-01   2.93600738e-01   4.14622396e-01
    0.00000000e+00   2.41509620e-02   1.97204009e-01   1.48710802e-01
    4.45566066e-02   2.83849567e-01   7.16150463e-01   1.60923749e-01
    1.17595529e-03   4.39808331e-02   5.61009087e-02   2.38044150e-02
    3.95128317e-02   0.00000000e+00   1.32092148e-01   3.20177153e-02
    3.21547268e-04   3.27968486e-02   6.19083084e-03   8.58996361e-02
    2.62760520e-01   1.51861876e-01   0.00000000e+00   0.00000000e+00
    1.37343481e-01   4.88317087e-02   0.00000000e+00   7.05823600e-02
    1.57864824e-01]
 [  2.06080541e-01   5.39509714e-01   2.54409820e-01   1.24887310e-01
    4.14622396e-01   1.21021621e-01   2.93600738e-01   4.14622396e-01
    0.00000000e+00   2.41509620e-02   1.97204009e-01   1.48710802e-01
    4.45566066e-02   2.83849567e-01   7.16150463e-01   1.60923749e-01
    1.17595529e-03   4.39808331e-02   5.61009087e-02   2.38044150e-02
    3.95128317e-02   0.00000000e+00   1.32092148e-01   3.20177153e-02
    3.21547268e-04   3.27968486e-02   6.19083084e-03   8.58996361e-02
    2.62760520e-01   1.51861876e-01   0.00000000e+00   0.00000000e+00
    1.37343481e-01   4.88317087e-02   0.00000000e+00   7.05823600e-02
    1.57864824e-01]
 [  2.06080541e-01   5.39509714e-01   2.54409820e-01   1.24887310e-01
    4.14622396e-01   1.21021621e-01   2.93600738e-01   4.14622396e-01
    0.00000000e+00   2.41509620e-02   1.97204009e-01   1.48710802e-01
    4.45566066e-02   2.83849567e-01   7.16150463e-01   1.60923749e-01
    1.17595529e-03   4.39808331e-02   5.61009087e-02   2.38044150e-02
    3.95128317e-02   0.00000000e+00   1.32092148e-01   3.20177153e-02
    3.21547268e-04   3.27968486e-02   6.19083084e-03   8.58996361e-02
    2.62760520e-01   1.51861876e-01   0.00000000e+00   0.00000000e+00
    1.37343481e-01   4.88317087e-02   0.00000000e+00   7.05823600e-02
    1.57864824e-01]
 [  2.06080541e-01   5.39509714e-01   2.54409820e-01   1.24887310e-01
    4.14622396e-01   1.21021621e-01   2.93600738e-01   4.14622396e-01
    0.00000000e+00   2.41509620e-02   1.97204009e-01   1.48710802e-01
    4.45566066e-02   2.83849567e-01   7.16150463e-01   1.60923749e-01
    1.17595529e-03   4.39808331e-02   5.61009087e-02   2.38044150e-02
    3.95128317e-02   0.00000000e+00   1.32092148e-01   3.20177153e-02
    3.21547268e-04   3.27968486e-02   6.19083084e-03   8.58996361e-02
    2.62760520e-01   1.51861876e-01   0.00000000e+00   0.00000000e+00
    1.37343481e-01   4.88317087e-02   0.00000000e+00   7.05823600e-02
    1.57864824e-01]
 [  2.06080541e-01   5.39509714e-01   2.54409820e-01   1.24887310e-01
    4.14622396e-01   1.21021621e-01   2.93600738e-01   4.14622396e-01
    0.00000000e+00   2.41509620e-02   1.97204009e-01   1.48710802e-01
    4.45566066e-02   2.83849567e-01   7.16150463e-01   1.60923749e-01
    1.17595529e-03   4.39808331e-02   5.61009087e-02   2.38044150e-02
    3.95128317e-02   0.00000000e+00   1.32092148e-01   3.20177153e-02
    3.21547268e-04   3.27968486e-02   6.19083084e-03   8.58996361e-02
    2.62760520e-01   1.51861876e-01   0.00000000e+00   0.00000000e+00
    1.37343481e-01   4.88317087e-02   0.00000000e+00   7.05823600e-02
    1.57864824e-01]
 [  2.06080541e-01   5.39509714e-01   2.54409820e-01   1.24887310e-01
    4.14622396e-01   1.21021621e-01   2.93600738e-01   4.14622396e-01
    0.00000000e+00   2.41509620e-02   1.97204009e-01   1.48710802e-01
    4.45566066e-02   2.83849567e-01   7.16150463e-01   1.60923749e-01
    1.17595529e-03   4.39808331e-02   5.61009087e-02   2.38044150e-02
    3.95128317e-02   0.00000000e+00   1.32092148e-01   3.20177153e-02
    3.21547268e-04   3.27968486e-02   6.19083084e-03   8.58996361e-02
    2.62760520e-01   1.51861876e-01   0.00000000e+00   0.00000000e+00
    1.37343481e-01   4.88317087e-02   0.00000000e+00   7.05823600e-02
    1.57864824e-01]
 [  2.06080541e-01   5.39509714e-01   2.54409820e-01   1.24887310e-01
    4.14622396e-01   1.21021621e-01   2.93600738e-01   4.14622396e-01
    0.00000000e+00   2.41509620e-02   1.97204009e-01   1.48710802e-01
    4.45566066e-02   2.83849567e-01   7.16150463e-01   1.60923749e-01
    1.17595529e-03   4.39808331e-02   5.61009087e-02   2.38044150e-02
    3.95128317e-02   0.00000000e+00   1.32092148e-01   3.20177153e-02
    3.21547268e-04   3.27968486e-02   6.19083084e-03   8.58996361e-02
    2.62760520e-01   1.51861876e-01   0.00000000e+00   0.00000000e+00
    1.37343481e-01   4.88317087e-02   0.00000000e+00   7.05823600e-02
    1.57864824e-01]] 