 [[ 0.93033302  0.          0.069667    0.          0.          0.          0.
   0.          0.          0.          0.          0.          0.
   0.0670251   0.93297493  0.          0.63621175  0.29412127  0.
   0.00482175  0.00725912  0.0234169   0.024929    0.          0.00659834
   0.          0.          0.          0.          0.          0.          0.
   0.          0.          0.          0.          0.        ]
 [ 0.93033302  0.          0.069667    0.          0.          0.          0.
   0.          0.          0.          0.          0.          0.
   0.0670251   0.93297493  0.          0.63621175  0.29412127  0.
   0.00482175  0.00725912  0.0234169   0.024929    0.          0.00659834
   0.          0.          0.          0.          0.          0.          0.
   0.          0.          0.          0.          0.        ]
 [ 0.93033302  0.          0.069667    0.          0.          0.          0.
   0.          0.          0.          0.          0.          0.
   0.0670251   0.93297493  0.          0.63621175  0.29412127  0.
   0.00482175  0.00725912  0.0234169   0.024929    0.          0.00659834
   0.          0.          0.          0.          0.          0.          0.
   0.          0.          0.          0.          0.        ]
 [ 0.93033302  0.          0.069667    0.          0.          0.          0.
   0.          0.          0.          0.          0.          0.
   0.0670251   0.93297493  0.          0.63621175  0.29412127  0.
   0.00482175  0.00725912  0.0234169   0.024929    0.          0.00659834
   0.          0.          0.          0.          0.          0.          0.
   0.          0.          0.          0.          0.        ]
 [ 0.93033302  0.          0.069667    0.          0.          0.          0.
   0.          0.          0.          0.          0.          0.
   0.0670251   0.93297493  0.          0.63621175  0.29412127  0.
   0.00482175  0.00725912  0.0234169   0.024929    0.          0.00659834
   0.          0.          0.          0.          0.          0.          0.
   0.          0.          0.          0.          0.        ]
 [ 0.93033302  0.          0.069667    0.          0.          0.          0.
   0.          0.          0.          0.          0.          0.
   0.0670251   0.93297493  0.          0.63621175  0.29412127  0.
   0.00482175  0.00725912  0.0234169   0.024929    0.          0.00659834
   0.          0.          0.          0.          0.          0.          0.
   0.          0.          0.          0.          0.        ]
 [ 0.93033302  0.          0.069667    0.          0.          0.          0.
   0.          0.          0.          0.          0.          0.
   0.0670251   0.93297493  0.          0.63621175  0.29412127  0.
   0.00482175  0.00725912  0.0234169   0.024929    0.          0.00659834
   0.          0.          0.          0.          0.          0.          0.
   0.          0.          0.          0.          0.        ]
 [ 0.93033302  0.          0.069667    0.          0.          0.          0.
   0.          0.          0.          0.          0.          0.
   0.0670251   0.93297493  0.          0.63621175  0.29412127  0.
   0.00482175  0.00725912  0.0234169   0.024929    0.          0.00659834
   0.          0.          0.          0.          0.          0.          0.
   0.          0.          0.          0.          0.        ]
 [ 0.93033302  0.          0.069667    0.          0.          0.          0.
   0.          0.          0.          0.          0.          0.
   0.0670251   0.93297493  0.          0.63621175  0.29412127  0.
   0.00482175  0.00725912  0.0234169   0.024929    0.          0.00659834
   0.          0.          0.          0.          0.          0.          0.
   0.          0.          0.          0.          0.        ]
 [ 0.93033302  0.          0.069667    0.          0.          0.          0.
   0.          0.          0.          0.          0.          0.
   0.0670251   0.93297493  0.          0.63621175  0.29412127  0.
   0.00482175  0.00725912  0.0234169   0.024929    0.          0.00659834
   0.          0.          0.          0.          0.          0.          0.
   0.          0.          0.          0.          0.        ]
 [ 0.93033302  0.          0.069667    0.          0.          0.          0.
   0.          0.          0.          0.          0.          0.
   0.0670251   0.93297493  0.          0.63621175  0.29412127  0.
   0.00482175  0.00725912  0.0234169   0.024929    0.          0.00659834
   0.          0.          0.          0.          0.          0.          0.
   0.          0.          0.          0.          0.        ]
 [ 0.93033302  0.          0.069667    0.          0.          0.          0.
   0.          0.          0.          0.          0.          0.
   0.0670251   0.93297493  0.          0.63621175  0.29412127  0.
   0.00482175  0.00725912  0.0234169   0.024929    0.          0.00659834
   0.          0.          0.          0.          0.          0.          0.
   0.          0.          0.          0.          0.        ]
 [ 0.93033302  0.          0.069667    0.          0.          0.          0.
   0.          0.          0.          0.          0.          0.
   0.0670251   0.93297493  0.          0.63621175  0.29412127  0.
   0.00482175  0.00725912  0.0234169   0.024929    0.          0.00659834
   0.          0.          0.          0.          0.          0.          0.
   0.          0.          0.          0.          0.        ]
 [ 0.93033302  0.          0.069667    0.          0.          0.          0.
   0.          0.          0.          0.          0.          0.
   0.0670251   0.93297493  0.          0.63621175  0.29412127  0.
   0.00482175  0.00725912  0.0234169   0.024929    0.          0.00659834
   0.          0.          0.          0.          0.          0.          0.
   0.          0.          0.          0.          0.        ]
 [ 0.93033302  0.          0.069667    0.          0.          0.          0.
   0.          0.          0.          0.          0.          0.
   0.0670251   0.93297493  0.          0.63621175  0.29412127  0.
   0.00482175  0.00725912  0.0234169   0.024929    0.          0.00659834
   0.          0.          0.          0.          0.          0.          0.
   0.          0.          0.          0.          0.        ]
 [ 0.93033302  0.          0.069667    0.          0.          0.          0.
   0.          0.          0.          0.          0.          0.
   0.0670251   0.93297493  0.          0.63621175  0.29412127  0.
   0.00482175  0.00725912  0.0234169   0.024929    0.          0.00659834
   0.          0.          0.          0.          0.          0.          0.
   0.          0.          0.          0.          0.        ]] 