 [[  2.50018597e-01   5.42520463e-01   2.07460880e-01   6.70284554e-02
    4.75492030e-01   1.15288392e-01   3.60203624e-01   3.42819065e-01
    1.32672921e-01   3.07081104e-03   2.18688056e-01   2.27179870e-01
    2.65532974e-02   2.24999249e-01   7.75000751e-01   1.56357422e-01
    5.64171635e-02   3.72440070e-02   5.41724302e-02   2.18696706e-02
    1.63874235e-02   0.00000000e+00   1.07433684e-01   2.50227861e-02
    1.13253307e-04   4.03420851e-02   2.89914291e-03   2.37872303e-02
    1.80828810e-01   1.19147286e-01   4.28429469e-02   0.00000000e+00
    1.72025755e-01   4.41181427e-03   0.00000000e+00   3.13951373e-02
    1.34986371e-01]
 [  2.50018597e-01   5.42520463e-01   2.07460880e-01   6.70284554e-02
    4.75492030e-01   1.15288392e-01   3.60203624e-01   3.42819065e-01
    1.32672921e-01   3.07081104e-03   2.18688056e-01   2.27179870e-01
    2.65532974e-02   2.24999249e-01   7.75000751e-01   1.56357422e-01
    5.64171635e-02   3.72440070e-02   5.41724302e-02   2.18696706e-02
    1.63874235e-02   0.00000000e+00   1.07433684e-01   2.50227861e-02
    1.13253307e-04   4.03420851e-02   2.89914291e-03   2.37872303e-02
    1.80828810e-01   1.19147286e-01   4.28429469e-02   0.00000000e+00
    1.72025755e-01   4.41181427e-03   0.00000000e+00   3.13951373e-02
    1.34986371e-01]
 [  2.50018597e-01   5.42520463e-01   2.07460880e-01   6.70284554e-02
    4.75492030e-01   1.15288392e-01   3.60203624e-01   3.42819065e-01
    1.32672921e-01   3.07081104e-03   2.18688056e-01   2.27179870e-01
    2.65532974e-02   2.24999249e-01   7.75000751e-01   1.56357422e-01
    5.64171635e-02   3.72440070e-02   5.41724302e-02   2.18696706e-02
    1.63874235e-02   0.00000000e+00   1.07433684e-01   2.50227861e-02
    1.13253307e-04   4.03420851e-02   2.89914291e-03   2.37872303e-02
    1.80828810e-01   1.19147286e-01   4.28429469e-02   0.00000000e+00
    1.72025755e-01   4.41181427e-03   0.00000000e+00   3.13951373e-02
    1.34986371e-01]
 [  2.50018597e-01   5.42520463e-01   2.07460880e-01   6.70284554e-02
    4.75492030e-01   1.15288392e-01   3.60203624e-01   3.42819065e-01
    1.32672921e-01   3.07081104e-03   2.18688056e-01   2.27179870e-01
    2.65532974e-02   2.24999249e-01   7.75000751e-01   1.56357422e-01
    5.64171635e-02   3.72440070e-02   5.41724302e-02   2.18696706e-02
    1.63874235e-02   0.00000000e+00   1.07433684e-01   2.50227861e-02
    1.13253307e-04   4.03420851e-02   2.89914291e-03   2.37872303e-02
    1.80828810e-01   1.19147286e-01   4.28429469e-02   0.00000000e+00
    1.72025755e-01   4.41181427e-03   0.00000000e+00   3.13951373e-02
    1.34986371e-01]
 [  2.50018597e-01   5.42520463e-01   2.07460880e-01   6.70284554e-02
    4.75492030e-01   1.15288392e-01   3.60203624e-01   3.42819065e-01
    1.32672921e-01   3.07081104e-03   2.18688056e-01   2.27179870e-01
    2.65532974e-02   2.24999249e-01   7.75000751e-01   1.56357422e-01
    5.64171635e-02   3.72440070e-02   5.41724302e-02   2.18696706e-02
    1.63874235e-02   0.00000000e+00   1.07433684e-01   2.50227861e-02
    1.13253307e-04   4.03420851e-02   2.89914291e-03   2.37872303e-02
    1.80828810e-01   1.19147286e-01   4.28429469e-02   0.00000000e+00
    1.72025755e-01   4.41181427e-03   0.00000000e+00   3.13951373e-02
    1.34986371e-01]
 [  2.50018597e-01   5.42520463e-01   2.07460880e-01   6.70284554e-02
    4.75492030e-01   1.15288392e-01   3.60203624e-01   3.42819065e-01
    1.32672921e-01   3.07081104e-03   2.18688056e-01   2.27179870e-01
    2.65532974e-02   2.24999249e-01   7.75000751e-01   1.56357422e-01
    5.64171635e-02   3.72440070e-02   5.41724302e-02   2.18696706e-02
    1.63874235e-02   0.00000000e+00   1.07433684e-01   2.50227861e-02
    1.13253307e-04   4.03420851e-02   2.89914291e-03   2.37872303e-02
    1.80828810e-01   1.19147286e-01   4.28429469e-02   0.00000000e+00
    1.72025755e-01   4.41181427e-03   0.00000000e+00   3.13951373e-02
    1.34986371e-01]
 [  2.50018597e-01   5.42520463e-01   2.07460880e-01   6.70284554e-02
    4.75492030e-01   1.15288392e-01   3.60203624e-01   3.42819065e-01
    1.32672921e-01   3.07081104e-03   2.18688056e-01   2.27179870e-01
    2.65532974e-02   2.24999249e-01   7.75000751e-01   1.56357422e-01
    5.64171635e-02   3.72440070e-02   5.41724302e-02   2.18696706e-02
    1.63874235e-02   0.00000000e+00   1.07433684e-01   2.50227861e-02
    1.13253307e-04   4.03420851e-02   2.89914291e-03   2.37872303e-02
    1.80828810e-01   1.19147286e-01   4.28429469e-02   0.00000000e+00
    1.72025755e-01   4.41181427e-03   0.00000000e+00   3.13951373e-02
    1.34986371e-01]
 [  2.50018597e-01   5.42520463e-01   2.07460880e-01   6.70284554e-02
    4.75492030e-01   1.15288392e-01   3.60203624e-01   3.42819065e-01
    1.32672921e-01   3.07081104e-03   2.18688056e-01   2.27179870e-01
    2.65532974e-02   2.24999249e-01   7.75000751e-01   1.56357422e-01
    5.64171635e-02   3.72440070e-02   5.41724302e-02   2.18696706e-02
    1.63874235e-02   0.00000000e+00   1.07433684e-01   2.50227861e-02
    1.13253307e-04   4.03420851e-02   2.89914291e-03   2.37872303e-02
    1.80828810e-01   1.19147286e-01   4.28429469e-02   0.00000000e+00
    1.72025755e-01   4.41181427e-03   0.00000000e+00   3.13951373e-02
    1.34986371e-01]
 [  2.50018597e-01   5.42520463e-01   2.07460880e-01   6.70284554e-02
    4.75492030e-01   1.15288392e-01   3.60203624e-01   3.42819065e-01
    1.32672921e-01   3.07081104e-03   2.18688056e-01   2.27179870e-01
    2.65532974e-02   2.24999249e-01   7.75000751e-01   1.56357422e-01
    5.64171635e-02   3.72440070e-02   5.41724302e-02   2.18696706e-02
    1.63874235e-02   0.00000000e+00   1.07433684e-01   2.50227861e-02
    1.13253307e-04   4.03420851e-02   2.89914291e-03   2.37872303e-02
    1.80828810e-01   1.19147286e-01   4.28429469e-02   0.00000000e+00
    1.72025755e-01   4.41181427e-03   0.00000000e+00   3.13951373e-02
    1.34986371e-01]
 [  2.50018597e-01   5.42520463e-01   2.07460880e-01   6.70284554e-02
    4.75492030e-01   1.15288392e-01   3.60203624e-01   3.42819065e-01
    1.32672921e-01   3.07081104e-03   2.18688056e-01   2.27179870e-01
    2.65532974e-02   2.24999249e-01   7.75000751e-01   1.56357422e-01
    5.64171635e-02   3.72440070e-02   5.41724302e-02   2.18696706e-02
    1.63874235e-02   0.00000000e+00   1.07433684e-01   2.50227861e-02
    1.13253307e-04   4.03420851e-02   2.89914291e-03   2.37872303e-02
    1.80828810e-01   1.19147286e-01   4.28429469e-02   0.00000000e+00
    1.72025755e-01   4.41181427e-03   0.00000000e+00   3.13951373e-02
    1.34986371e-01]
 [  2.50018597e-01   5.42520463e-01   2.07460880e-01   6.70284554e-02
    4.75492030e-01   1.15288392e-01   3.60203624e-01   3.42819065e-01
    1.32672921e-01   3.07081104e-03   2.18688056e-01   2.27179870e-01
    2.65532974e-02   2.24999249e-01   7.75000751e-01   1.56357422e-01
    5.64171635e-02   3.72440070e-02   5.41724302e-02   2.18696706e-02
    1.63874235e-02   0.00000000e+00   1.07433684e-01   2.50227861e-02
    1.13253307e-04   4.03420851e-02   2.89914291e-03   2.37872303e-02
    1.80828810e-01   1.19147286e-01   4.28429469e-02   0.00000000e+00
    1.72025755e-01   4.41181427e-03   0.00000000e+00   3.13951373e-02
    1.34986371e-01]
 [  2.50018597e-01   5.42520463e-01   2.07460880e-01   6.70284554e-02
    4.75492030e-01   1.15288392e-01   3.60203624e-01   3.42819065e-01
    1.32672921e-01   3.07081104e-03   2.18688056e-01   2.27179870e-01
    2.65532974e-02   2.24999249e-01   7.75000751e-01   1.56357422e-01
    5.64171635e-02   3.72440070e-02   5.41724302e-02   2.18696706e-02
    1.63874235e-02   0.00000000e+00   1.07433684e-01   2.50227861e-02
    1.13253307e-04   4.03420851e-02   2.89914291e-03   2.37872303e-02
    1.80828810e-01   1.19147286e-01   4.28429469e-02   0.00000000e+00
    1.72025755e-01   4.41181427e-03   0.00000000e+00   3.13951373e-02
    1.34986371e-01]
 [  2.50018597e-01   5.42520463e-01   2.07460880e-01   6.70284554e-02
    4.75492030e-01   1.15288392e-01   3.60203624e-01   3.42819065e-01
    1.32672921e-01   3.07081104e-03   2.18688056e-01   2.27179870e-01
    2.65532974e-02   2.24999249e-01   7.75000751e-01   1.56357422e-01
    5.64171635e-02   3.72440070e-02   5.41724302e-02   2.18696706e-02
    1.63874235e-02   0.00000000e+00   1.07433684e-01   2.50227861e-02
    1.13253307e-04   4.03420851e-02   2.89914291e-03   2.37872303e-02
    1.80828810e-01   1.19147286e-01   4.28429469e-02   0.00000000e+00
    1.72025755e-01   4.41181427e-03   0.00000000e+00   3.13951373e-02
    1.34986371e-01]
 [  2.50018597e-01   5.42520463e-01   2.07460880e-01   6.70284554e-02
    4.75492030e-01   1.15288392e-01   3.60203624e-01   3.42819065e-01
    1.32672921e-01   3.07081104e-03   2.18688056e-01   2.27179870e-01
    2.65532974e-02   2.24999249e-01   7.75000751e-01   1.56357422e-01
    5.64171635e-02   3.72440070e-02   5.41724302e-02   2.18696706e-02
    1.63874235e-02   0.00000000e+00   1.07433684e-01   2.50227861e-02
    1.13253307e-04   4.03420851e-02   2.89914291e-03   2.37872303e-02
    1.80828810e-01   1.19147286e-01   4.28429469e-02   0.00000000e+00
    1.72025755e-01   4.41181427e-03   0.00000000e+00   3.13951373e-02
    1.34986371e-01]
 [  2.50018597e-01   5.42520463e-01   2.07460880e-01   6.70284554e-02
    4.75492030e-01   1.15288392e-01   3.60203624e-01   3.42819065e-01
    1.32672921e-01   3.07081104e-03   2.18688056e-01   2.27179870e-01
    2.65532974e-02   2.24999249e-01   7.75000751e-01   1.56357422e-01
    5.64171635e-02   3.72440070e-02   5.41724302e-02   2.18696706e-02
    1.63874235e-02   0.00000000e+00   1.07433684e-01   2.50227861e-02
    1.13253307e-04   4.03420851e-02   2.89914291e-03   2.37872303e-02
    1.80828810e-01   1.19147286e-01   4.28429469e-02   0.00000000e+00
    1.72025755e-01   4.41181427e-03   0.00000000e+00   3.13951373e-02
    1.34986371e-01]
 [  2.50018597e-01   5.42520463e-01   2.07460880e-01   6.70284554e-02
    4.75492030e-01   1.15288392e-01   3.60203624e-01   3.42819065e-01
    1.32672921e-01   3.07081104e-03   2.18688056e-01   2.27179870e-01
    2.65532974e-02   2.24999249e-01   7.75000751e-01   1.56357422e-01
    5.64171635e-02   3.72440070e-02   5.41724302e-02   2.18696706e-02
    1.63874235e-02   0.00000000e+00   1.07433684e-01   2.50227861e-02
    1.13253307e-04   4.03420851e-02   2.89914291e-03   2.37872303e-02
    1.80828810e-01   1.19147286e-01   4.28429469e-02   0.00000000e+00
    1.72025755e-01   4.41181427e-03   0.00000000e+00   3.13951373e-02
    1.34986371e-01]] 