 [[  7.65950799e-01   1.00146815e-01   1.33902326e-01   3.50846425e-02
    6.50621727e-02   8.58721323e-03   5.64749613e-02   1.88253280e-02
    4.62368429e-02   2.89230794e-02   3.06770485e-02   7.33518798e-04
    4.72853100e-03   7.31140226e-02   9.26886022e-01   4.43544984e-01
    2.38767698e-01   8.36381391e-02   0.00000000e+00   8.37719440e-03
    1.09103266e-02   1.39554106e-02   3.16796787e-02   2.54213088e-03
    5.64927887e-03   1.29271951e-02   2.89323321e-03   1.92642137e-02
    8.71874113e-03   7.02457596e-03   3.08201090e-03   3.61364626e-04
    4.23478475e-03   0.00000000e+00   0.00000000e+00   1.47555955e-03
    1.27536189e-02]
 [  7.65950799e-01   1.00146815e-01   1.33902326e-01   3.50846425e-02
    6.50621727e-02   8.58721323e-03   5.64749613e-02   1.88253280e-02
    4.62368429e-02   2.89230794e-02   3.06770485e-02   7.33518798e-04
    4.72853100e-03   7.31140226e-02   9.26886022e-01   4.43544984e-01
    2.38767698e-01   8.36381391e-02   0.00000000e+00   8.37719440e-03
    1.09103266e-02   1.39554106e-02   3.16796787e-02   2.54213088e-03
    5.64927887e-03   1.29271951e-02   2.89323321e-03   1.92642137e-02
    8.71874113e-03   7.02457596e-03   3.08201090e-03   3.61364626e-04
    4.23478475e-03   0.00000000e+00   0.00000000e+00   1.47555955e-03
    1.27536189e-02]
 [  7.65950799e-01   1.00146815e-01   1.33902326e-01   3.50846425e-02
    6.50621727e-02   8.58721323e-03   5.64749613e-02   1.88253280e-02
    4.62368429e-02   2.89230794e-02   3.06770485e-02   7.33518798e-04
    4.72853100e-03   7.31140226e-02   9.26886022e-01   4.43544984e-01
    2.38767698e-01   8.36381391e-02   0.00000000e+00   8.37719440e-03
    1.09103266e-02   1.39554106e-02   3.16796787e-02   2.54213088e-03
    5.64927887e-03   1.29271951e-02   2.89323321e-03   1.92642137e-02
    8.71874113e-03   7.02457596e-03   3.08201090e-03   3.61364626e-04
    4.23478475e-03   0.00000000e+00   0.00000000e+00   1.47555955e-03
    1.27536189e-02]
 [  7.65950799e-01   1.00146815e-01   1.33902326e-01   3.50846425e-02
    6.50621727e-02   8.58721323e-03   5.64749613e-02   1.88253280e-02
    4.62368429e-02   2.89230794e-02   3.06770485e-02   7.33518798e-04
    4.72853100e-03   7.31140226e-02   9.26886022e-01   4.43544984e-01
    2.38767698e-01   8.36381391e-02   0.00000000e+00   8.37719440e-03
    1.09103266e-02   1.39554106e-02   3.16796787e-02   2.54213088e-03
    5.64927887e-03   1.29271951e-02   2.89323321e-03   1.92642137e-02
    8.71874113e-03   7.02457596e-03   3.08201090e-03   3.61364626e-04
    4.23478475e-03   0.00000000e+00   0.00000000e+00   1.47555955e-03
    1.27536189e-02]
 [  7.65950799e-01   1.00146815e-01   1.33902326e-01   3.50846425e-02
    6.50621727e-02   8.58721323e-03   5.64749613e-02   1.88253280e-02
    4.62368429e-02   2.89230794e-02   3.06770485e-02   7.33518798e-04
    4.72853100e-03   7.31140226e-02   9.26886022e-01   4.43544984e-01
    2.38767698e-01   8.36381391e-02   0.00000000e+00   8.37719440e-03
    1.09103266e-02   1.39554106e-02   3.16796787e-02   2.54213088e-03
    5.64927887e-03   1.29271951e-02   2.89323321e-03   1.92642137e-02
    8.71874113e-03   7.02457596e-03   3.08201090e-03   3.61364626e-04
    4.23478475e-03   0.00000000e+00   0.00000000e+00   1.47555955e-03
    1.27536189e-02]
 [  7.65950799e-01   1.00146815e-01   1.33902326e-01   3.50846425e-02
    6.50621727e-02   8.58721323e-03   5.64749613e-02   1.88253280e-02
    4.62368429e-02   2.89230794e-02   3.06770485e-02   7.33518798e-04
    4.72853100e-03   7.31140226e-02   9.26886022e-01   4.43544984e-01
    2.38767698e-01   8.36381391e-02   0.00000000e+00   8.37719440e-03
    1.09103266e-02   1.39554106e-02   3.16796787e-02   2.54213088e-03
    5.64927887e-03   1.29271951e-02   2.89323321e-03   1.92642137e-02
    8.71874113e-03   7.02457596e-03   3.08201090e-03   3.61364626e-04
    4.23478475e-03   0.00000000e+00   0.00000000e+00   1.47555955e-03
    1.27536189e-02]
 [  7.65950799e-01   1.00146815e-01   1.33902326e-01   3.50846425e-02
    6.50621727e-02   8.58721323e-03   5.64749613e-02   1.88253280e-02
    4.62368429e-02   2.89230794e-02   3.06770485e-02   7.33518798e-04
    4.72853100e-03   7.31140226e-02   9.26886022e-01   4.43544984e-01
    2.38767698e-01   8.36381391e-02   0.00000000e+00   8.37719440e-03
    1.09103266e-02   1.39554106e-02   3.16796787e-02   2.54213088e-03
    5.64927887e-03   1.29271951e-02   2.89323321e-03   1.92642137e-02
    8.71874113e-03   7.02457596e-03   3.08201090e-03   3.61364626e-04
    4.23478475e-03   0.00000000e+00   0.00000000e+00   1.47555955e-03
    1.27536189e-02]
 [  7.65950799e-01   1.00146815e-01   1.33902326e-01   3.50846425e-02
    6.50621727e-02   8.58721323e-03   5.64749613e-02   1.88253280e-02
    4.62368429e-02   2.89230794e-02   3.06770485e-02   7.33518798e-04
    4.72853100e-03   7.31140226e-02   9.26886022e-01   4.43544984e-01
    2.38767698e-01   8.36381391e-02   0.00000000e+00   8.37719440e-03
    1.09103266e-02   1.39554106e-02   3.16796787e-02   2.54213088e-03
    5.64927887e-03   1.29271951e-02   2.89323321e-03   1.92642137e-02
    8.71874113e-03   7.02457596e-03   3.08201090e-03   3.61364626e-04
    4.23478475e-03   0.00000000e+00   0.00000000e+00   1.47555955e-03
    1.27536189e-02]
 [  7.65950799e-01   1.00146815e-01   1.33902326e-01   3.50846425e-02
    6.50621727e-02   8.58721323e-03   5.64749613e-02   1.88253280e-02
    4.62368429e-02   2.89230794e-02   3.06770485e-02   7.33518798e-04
    4.72853100e-03   7.31140226e-02   9.26886022e-01   4.43544984e-01
    2.38767698e-01   8.36381391e-02   0.00000000e+00   8.37719440e-03
    1.09103266e-02   1.39554106e-02   3.16796787e-02   2.54213088e-03
    5.64927887e-03   1.29271951e-02   2.89323321e-03   1.92642137e-02
    8.71874113e-03   7.02457596e-03   3.08201090e-03   3.61364626e-04
    4.23478475e-03   0.00000000e+00   0.00000000e+00   1.47555955e-03
    1.27536189e-02]
 [  7.65950799e-01   1.00146815e-01   1.33902326e-01   3.50846425e-02
    6.50621727e-02   8.58721323e-03   5.64749613e-02   1.88253280e-02
    4.62368429e-02   2.89230794e-02   3.06770485e-02   7.33518798e-04
    4.72853100e-03   7.31140226e-02   9.26886022e-01   4.43544984e-01
    2.38767698e-01   8.36381391e-02   0.00000000e+00   8.37719440e-03
    1.09103266e-02   1.39554106e-02   3.16796787e-02   2.54213088e-03
    5.64927887e-03   1.29271951e-02   2.89323321e-03   1.92642137e-02
    8.71874113e-03   7.02457596e-03   3.08201090e-03   3.61364626e-04
    4.23478475e-03   0.00000000e+00   0.00000000e+00   1.47555955e-03
    1.27536189e-02]
 [  7.65950799e-01   1.00146815e-01   1.33902326e-01   3.50846425e-02
    6.50621727e-02   8.58721323e-03   5.64749613e-02   1.88253280e-02
    4.62368429e-02   2.89230794e-02   3.06770485e-02   7.33518798e-04
    4.72853100e-03   7.31140226e-02   9.26886022e-01   4.43544984e-01
    2.38767698e-01   8.36381391e-02   0.00000000e+00   8.37719440e-03
    1.09103266e-02   1.39554106e-02   3.16796787e-02   2.54213088e-03
    5.64927887e-03   1.29271951e-02   2.89323321e-03   1.92642137e-02
    8.71874113e-03   7.02457596e-03   3.08201090e-03   3.61364626e-04
    4.23478475e-03   0.00000000e+00   0.00000000e+00   1.47555955e-03
    1.27536189e-02]
 [  7.65950799e-01   1.00146815e-01   1.33902326e-01   3.50846425e-02
    6.50621727e-02   8.58721323e-03   5.64749613e-02   1.88253280e-02
    4.62368429e-02   2.89230794e-02   3.06770485e-02   7.33518798e-04
    4.72853100e-03   7.31140226e-02   9.26886022e-01   4.43544984e-01
    2.38767698e-01   8.36381391e-02   0.00000000e+00   8.37719440e-03
    1.09103266e-02   1.39554106e-02   3.16796787e-02   2.54213088e-03
    5.64927887e-03   1.29271951e-02   2.89323321e-03   1.92642137e-02
    8.71874113e-03   7.02457596e-03   3.08201090e-03   3.61364626e-04
    4.23478475e-03   0.00000000e+00   0.00000000e+00   1.47555955e-03
    1.27536189e-02]
 [  7.65950799e-01   1.00146815e-01   1.33902326e-01   3.50846425e-02
    6.50621727e-02   8.58721323e-03   5.64749613e-02   1.88253280e-02
    4.62368429e-02   2.89230794e-02   3.06770485e-02   7.33518798e-04
    4.72853100e-03   7.31140226e-02   9.26886022e-01   4.43544984e-01
    2.38767698e-01   8.36381391e-02   0.00000000e+00   8.37719440e-03
    1.09103266e-02   1.39554106e-02   3.16796787e-02   2.54213088e-03
    5.64927887e-03   1.29271951e-02   2.89323321e-03   1.92642137e-02
    8.71874113e-03   7.02457596e-03   3.08201090e-03   3.61364626e-04
    4.23478475e-03   0.00000000e+00   0.00000000e+00   1.47555955e-03
    1.27536189e-02]
 [  7.65950799e-01   1.00146815e-01   1.33902326e-01   3.50846425e-02
    6.50621727e-02   8.58721323e-03   5.64749613e-02   1.88253280e-02
    4.62368429e-02   2.89230794e-02   3.06770485e-02   7.33518798e-04
    4.72853100e-03   7.31140226e-02   9.26886022e-01   4.43544984e-01
    2.38767698e-01   8.36381391e-02   0.00000000e+00   8.37719440e-03
    1.09103266e-02   1.39554106e-02   3.16796787e-02   2.54213088e-03
    5.64927887e-03   1.29271951e-02   2.89323321e-03   1.92642137e-02
    8.71874113e-03   7.02457596e-03   3.08201090e-03   3.61364626e-04
    4.23478475e-03   0.00000000e+00   0.00000000e+00   1.47555955e-03
    1.27536189e-02]
 [  7.65950799e-01   1.00146815e-01   1.33902326e-01   3.50846425e-02
    6.50621727e-02   8.58721323e-03   5.64749613e-02   1.88253280e-02
    4.62368429e-02   2.89230794e-02   3.06770485e-02   7.33518798e-04
    4.72853100e-03   7.31140226e-02   9.26886022e-01   4.43544984e-01
    2.38767698e-01   8.36381391e-02   0.00000000e+00   8.37719440e-03
    1.09103266e-02   1.39554106e-02   3.16796787e-02   2.54213088e-03
    5.64927887e-03   1.29271951e-02   2.89323321e-03   1.92642137e-02
    8.71874113e-03   7.02457596e-03   3.08201090e-03   3.61364626e-04
    4.23478475e-03   0.00000000e+00   0.00000000e+00   1.47555955e-03
    1.27536189e-02]
 [  7.65950799e-01   1.00146815e-01   1.33902326e-01   3.50846425e-02
    6.50621727e-02   8.58721323e-03   5.64749613e-02   1.88253280e-02
    4.62368429e-02   2.89230794e-02   3.06770485e-02   7.33518798e-04
    4.72853100e-03   7.31140226e-02   9.26886022e-01   4.43544984e-01
    2.38767698e-01   8.36381391e-02   0.00000000e+00   8.37719440e-03
    1.09103266e-02   1.39554106e-02   3.16796787e-02   2.54213088e-03
    5.64927887e-03   1.29271951e-02   2.89323321e-03   1.92642137e-02
    8.71874113e-03   7.02457596e-03   3.08201090e-03   3.61364626e-04
    4.23478475e-03   0.00000000e+00   0.00000000e+00   1.47555955e-03
    1.27536189e-02]] 